1.624597568 590.2073619
1.07209652 574.8201465
0.8228494648 569.5827521
0.6858005233 575.2067187
0.5749897383 569.0786045
0.4981174259 569.1915798
0.4375545355 568.9751154
0.3928404097 568.9812286
0.3588242332 568.9737032
0.3322770969 568.9717855
0.3111102499 568.9714869
0.2866428458 569.1148149
0.2649536788 569.2584033
0.2462427213 568.9829402
0.2300467318 568.9731369
0.2158451371 568.9756836
0.2032923873 568.9714951
0.1921193569 568.9714906
0.1821101065 568.9714913
0.1730918138 568.9714511
0.1649243269 568.9714473
0.1574926985 568.9714468
0.1507017906 568.9714467
0.1444721857 568.9714466
0.1387370676 568.9714466
0.5691149048 575.562584
0.2903163435 569.098438
0.2476990946 568.9999905
0.1920620432 569.1630417
0.1545832053 569.2058875
0.1283106308 568.9846716
0.1095143609 568.9747538
0.0954522435 568.9731093
0.0845480147 568.9720499
0.07586003992 568.9714873
0.06878045006 568.9714475
0.06290293845 568.9714579
0.05794680039 568.9714469
0.05371199 568.9714467
0.05005223016 568.9714467
0.04685816429 568.9714466
0.04404643514 568.9714466
0.04155241243 568.9714466
0.03932522589 568.9714466
0.03732429579 568.9714466
0.03551686068 568.9714466
0.03387618401 568.9714466
0.03238023193 568.9714466
0.03101068418 568.9714466
0.02975218426 568.9714466
0.02859176401 568.9714466
0.02971665314 569.5865237
0.01134691962 569.0713885
0.007709246484 569.0095289
0.005642055702 568.9915912
0.004440215415 568.972595
0.00367030292 568.9715115
0.003126758183 568.9717942
0.002723122879 568.9714547
0.002411872382 568.9714495
0.002164469718 568.9714509
0.001963093297 568.9714467
0.001795997461 568.9714466
0.001655115263 568.9714466
0.001534726909 568.9714466
0.001430663981 568.9714466
0.001339816679 568.9714466
0.001259817863 568.9714466
0.001188833857 568.9714466
0.001125422189 568.9714466
0.001068432546 568.9714466
0.001016936376 568.9714466
0.0009701759032 568.9714466
0.0009275265949 568.9714466
0.0008884691092 568.9714466
0.000852568043 568.9714466
0.000306371872 568.988238
7.317460392e-06 568.9715595
4.180210295e-06 568.9716333
3.196553837e-06 568.9716121
2.374638246e-06 568.9714694
1.908116988e-06 568.9714494
1.602181079e-06 568.9714473
1.378774181e-06 568.9714472
1.210000116e-06 568.9714466
1.078141043e-06 568.9714466
9.721835436e-07 568.9714466
