1.624597568 590.2073619
1.07209652 574.8201465
0.8228494648 569.5827521
0.6858005233 575.2067187
0.5749897383 569.0786045
0.4981174259 569.1915798
0.4375545355 568.9751154
0.3928404097 568.9812286
0.3588242332 568.9737032
0.3322770969 568.9717855
0.3111102499 568.9714869
0.2866428458 569.1148149
0.2649536788 569.2584033
0.2462427213 568.9829402
0.2300467318 568.9731369
0.2158451371 568.9756836
0.2032923873 568.9714951
0.1921193569 568.9714906
0.1821101065 568.9714913
0.1730918138 568.9714511
0.1649243269 568.9714473
0.1574926985 568.9714468
0.1507017906 568.9714467
0.1444721857 568.9714466
0.1387370676 568.9714466
0.1334398183 568.9714466
0.1285321441 568.9714466
0.1239726002 568.9714466
0.1197254184 568.9714466
0.1157595675 568.9714466
0.1120479944 568.9714466
0.1085670063 568.9714466
0.1052957651 568.9714466
0.1022158698 568.9714466
0.09931101028 568.9714466
0.09656667895 568.9714466
0.09396992809 568.9714466
0.09150916586 568.9714466
0.08917398336 568.9714466
0.08695500744 568.9714466
0.08484377507 568.9714466
0.08283262547 568.9714466
0.08091460725 568.9714466
0.07908339818 568.9714466
0.07733323556 568.9714466
0.07565885572 568.9714466
0.07405544108 568.9714466
0.07251857392 568.9714466
0.07104419574 568.9714466
0.06962857145 568.9714466
0.06826825782 568.9714466
0.06696007549 568.9714466
0.06570108419 568.9714466
0.06448856066 568.9714466
0.06331997904 568.9714466
0.06219299322 568.9714466
0.06110542123 568.9714466
0.06005523105 568.9714466
0.05904052798 568.9714466
0.05805954325 568.9714466
0.05711062371 568.9714466
0.05619222251 568.9714466
0.05530289075 568.9714466
0.0544412698 568.9714466
0.0536060844 568.9714466
0.05279613636 568.9714466
0.0520102988 568.9714466
0.05124751096 568.9714466
0.05050677341 568.9714466
0.04978714366 568.9714466
0.04908773219 568.9714466
0.04840769877 568.9714466
0.04774624906 568.9714466
0.04710263159 568.9714466
0.04647613484 568.9714466
0.04586608466 568.9714466
0.04527184183 568.9714466
0.04469279982 568.9714466
0.04412838276 568.9714466
0.04357804349 568.9714466
0.0430412618 568.9714466
0.04251754282 568.9714466
0.04200641547 568.9714466
0.04150743103 568.9714466
0.04102016187 568.9714466
0.04054420022 568.9714466
0.04007915697 568.9714466
0.03962466072 568.9714466
0.03918035667 568.9714466
0.0387459058 568.9714466
0.03832098393 568.9714466
0.03790528097 568.9714466
0.03749850013 568.9714466
0.03710035721 568.9714466
0.03671057999 568.9714466
0.03632890752 568.9714466
0.03595508964 568.9714466
0.03558888635 568.9714466
0.03523006733 568.9714466
0.03487841147 568.9714466
0.0345337064 568.9714466
0.03419574805 568.9714466
0.2193600653 570.0591757
0.09800886002 569.2905766
0.06370534018 569.436314
0.04605058286 568.9817762
0.03615846454 568.9774645
0.02978424673 568.9752476
0.0253069553 568.9724224
0.02199865505 568.9715261
0.0194550397 568.9714494
0.01743819332 568.9714669
0.01579998448 568.9714473
0.01444300203 568.9714467
0.01330057931 568.9714469
0.01232557488 568.9714466
0.01148371083 568.9714466
0.01074946622 568.9714466
0.01010344946 568.9714466
0.009530662794 568.9714466
0.009019324811 568.9714466
0.008560052255 568.9714466
0.008145279479 568.9714466
0.007768838732 568.9714466
0.007425651595 568.9714466
0.007111498689 568.9714466
0.006822845423 568.9714466
0.006556708504 568.9714466
0.006310552497 568.9714466
0.006082208829 568.9714466
0.00586981176 568.9714466
0.005671747306 568.9714466
0.005486612166 568.9714466
0.005313180431 568.9714466
0.005150376418 568.9714466
0.004997252339 568.9714466
0.004852969848 568.9714466
0.004716784685 568.9714466
0.00458803384 568.9714466
0.004466124757 568.9714466
0.004350526224 568.9714466
0.004240760629 568.9714466
0.004136397373 568.9714466
0.004037047218 568.9714466
0.003942357442 568.9714466
0.003852007652 568.9714466
0.003765706167 568.9714466
0.003683186868 568.9714466
0.003604206462 568.9714466
0.003528542082 568.9714466
0.00345598919 568.9714466
0.003386359733 568.9714466
0.003319480508 568.9714466
0.003255191733 568.9714466
0.003193345764 568.9714466
0.003133805972 568.9714466
0.003076445727 568.9714466
0.003021147504 568.9714466
0.002967802078 568.9714466
0.002916307805 568.9714466
0.002866569974 568.9714466
0.002818500226 568.9714466
0.002772016033 568.9714466
0.002727040219 568.9714466
0.002683500541 568.9714466
0.002641329292 568.9714466
0.00260046296 568.9714466
0.002560841899 568.9714466
0.002522410047 568.9714466
0.002485114656 568.9714466
0.002448906051 568.9714466
0.002413737412 568.9714466
0.00237956457 568.9714466
0.002346345823 568.9714466
0.002314041762 568.9714466
0.002282615124 568.9714466
0.002252030638 568.9714466
0.002222254903 568.9714466
0.002193256258 568.9714466
0.002165004674 568.9714466
0.00213747165 568.9714466
0.002110630117 568.9714466
0.002084454348 568.9714466
0.002058919876 568.9714466
0.002034003419 568.9714466
0.00200968281 568.9714466
0.001985936928 568.9714466
0.001962745637 568.9714466
0.001940089734 568.9714466
0.001917950891 568.9714466
0.001896311607 568.9714466
0.001875155162 568.9714466
0.001854465573 568.9714466
0.001834227557 568.9714466
0.00181442649 568.9714466
0.00179504837 568.9714466
0.001776079792 568.9714466
0.001757507907 568.9714466
0.0017393204 568.9714466
0.001721505461 568.9714466
0.001704051757 568.9714466
0.001686948412 568.9714466
0.001670184981 568.9714466
0.001653751431 568.9714466
0.002224428495 569.0218986
0.0001821972794 568.9749608
0.0001172872607 568.9715037
8.133585311e-05 568.9724072
6.11681511e-05 568.971476
4.940090989e-05 568.9714537
4.141998035e-05 568.9714594
3.564241285e-05 568.9714466
3.128232053e-05 568.9714467
2.787303594e-05 568.9714467
2.513364568e-05 568.9714466
2.288454275e-05 568.9714466
2.100491108e-05 568.9714466
1.941061044e-05 568.9714466
1.80412551e-05 568.9714466
1.685237504e-05 568.9714466
1.581049715e-05 568.9714466
1.488994418e-05 568.9714466
1.407069004e-05 568.9714466
1.333688613e-05 568.9714466
1.267582609e-05 568.9714466
1.207720384e-05 568.9714466
1.153257233e-05 568.9714466
1.103494245e-05 568.9714466
1.057848155e-05 568.9714466
1.015828367e-05 568.9714466
9.770192601e-06 568.9714466
9.410663893e-06 568.9714466
9.076656302e-06 568.9714466
8.765545545e-06 568.9714466
8.475055218e-06 568.9714466
8.203200999e-06 568.9714466
7.948245258e-06 568.9714466
7.708659873e-06 568.9714466
7.483095571e-06 568.9714466
7.270356538e-06 568.9714466
7.06937916e-06 568.9714466
6.879214281e-06 568.9714466
6.6990122e-06 568.9714466
6.528009976e-06 568.9714466
6.365520617e-06 568.9714466
6.210923877e-06 568.9714466
6.063658343e-06 568.9714466
5.923214605e-06 568.9714466
5.789129385e-06 568.9714466
5.660980423e-06 568.9714466
5.538382039e-06 568.9714466
5.420981247e-06 568.9714466
5.308454396e-06 568.9714466
5.200504132e-06 568.9714466
5.096856814e-06 568.9714466
4.997260202e-06 568.9714466
4.901481375e-06 568.9714466
4.809304956e-06 568.9714466
4.720531445e-06 568.9714466
4.634975818e-06 568.9714466
4.552466231e-06 568.9714466
4.472842861e-06 568.9714466
4.395956869e-06 568.9714466
4.321669464e-06 568.9714466
4.249851111e-06 568.9714466
4.180380718e-06 568.9714466
4.113145004e-06 568.9714466
4.04803784e-06 568.9714466
3.984959731e-06 568.9714466
3.923817268e-06 568.9714466
3.86452271e-06 568.9714466
3.806993527e-06 568.9714466
3.751152037e-06 568.9714466
3.69692505e-06 568.9714466
3.644243543e-06 568.9714466
3.593042367e-06 568.9714466
3.543260005e-06 568.9714466
3.494838279e-06 568.9714466
3.44772216e-06 568.9714466
3.40185954e-06 568.9714466
3.357201058e-06 568.9714466
3.313699911e-06 568.9714466
3.271311677e-06 568.9714466
3.229994192e-06 568.9714466
3.189707393e-06 568.9714466
3.150413185e-06 568.9714466
3.112075333e-06 568.9714466
3.074659337e-06 568.9714466
3.038132349e-06 568.9714466
3.002463052e-06 568.9714466
2.967621589e-06 568.9714466
2.93357947e-06 568.9714466
2.900309507e-06 568.9714466
2.867785705e-06 568.9714466
2.83598326e-06 568.9714466
2.804878422e-06 568.9714466
2.774448495e-06 568.9714466
2.744671746e-06 568.9714466
2.715527372e-06 568.9714466
2.686995425e-06 568.9714466
2.659056816e-06 568.9714466
2.63169322e-06 568.9714466
2.604887076e-06 568.9714466
2.578621513e-06 568.9714466
2.552880343e-06 568.9714466
2.527648013e-06 568.9714466
2.502909596e-06 568.9714466
