7.40658665,517.2593468
8.739256154,376.2949755
9.039432134,240.2725485
8.302691238,174.1732946
7.015952988,124.8837806
5.723230174,89.75817666
4.893116425,32.08080643
4.332708495,36.87144399
3.845366763,18.78103975
3.515161151,14.94748461
3.20348027,16.23657379
2.944636375,13.95446928
2.718511863,10.10658852
2.559384426,7.680791663
2.38739326,11.72991494
2.251785163,5.513398533
2.120164852,12.11406867
2.003120443,5.580229894
1.899364512,10.99091178
1.799810791,7.030337069
1.714466273,9.106680102
1.631012492,8.326823832
1.558396108,7.711038879
1.488704331,9.272127249
1.431261285,3.475972833
1.389314142,0.5753420797
1.338395101,6.739077235
1.294664213,2.54604714
1.258699077,1.495187823
1.216257757,4.136468011
1.181522582,1.563706869
1.149939386,2.838078543
1.114631817,2.397516977
1.08617575,0.8420164608
2.30955276,85.79112744
1.647441183,12.17934705
1.220817378,20.35561396
1.066959911,7.737361162
0.9066878297,11.83430855
0.8675144164,9.660704499
0.7956056194,7.098965961
0.7714976564,12.26723255
0.7253749629,2.28402382
0.6537546471,0.5865843353
0.6070301831,4.345517912
0.5700826166,1.554759662
0.5236218228,0.2347918
0.4949074845,3.401856025
0.467264605,1.282894489
0.4360379258,0.2166727451
0.4166864167,2.406178419
0.3951405482,0.9090825665
0.3734844765,0.7233174803
0.3592444661,1.438062361
0.3421091233,0.5338003152
0.3266305563,1.156870228
0.3153711284,0.8094461073
0.3016298604,0.284033044
0.2901951193,1.233688042
0.2808377651,0.4186499135
0.2697800727,0.1024480561
0.2610147642,1.080477544
0.2530087688,0.3928864084
0.2440818023,0.06099467653
0.237096002,0.8299557791
0.2301507347,0.3134596919
0.2229030734,0.0541644709
0.2171256282,0.5668090594
0.6021446488,12.0313556
0.4922712322,3.788271795
0.1996275088,1.184422789
0.1682018307,9.952587042
0.1742964073,3.575408489
0.09639932299,0.5421232371
0.1036296801,7.77924345
0.09924386589,2.937922453
0.06530642116,0.4976974341
0.0756242809,5.484681585
0.06684770702,2.072294497
0.05096279655,1.713107011
0.05892449053,3.274907274
0.04964793756,1.20839076
0.04266288018,2.685751871
0.04752401422,1.829235758
0.03948680955,0.6417923979
0.03702460172,2.843428179
0.03926547859,0.9672189289
0.03303138911,0.2260505051
0.03272730304,2.478488985
0.03312261541,0.9028396867
0.02866708229,0.1406471515
0.02920896532,1.898831979
0.02849278375,0.7171653813
0.02553215432,0.1242925226
0.02622240162,1.290398202
0.02496897391,0.4876241593
0.0231408622,0.5246411591
0.0236539514,0.7648071488
0.02225611943,0.2690681305
0.02121308903,0.7240041979
0.02144324722,0.4004696084
0.020135021,0.140339253
0.01564267878,0.2444402848
0.00361982849,0.09483372972
0.0009909236753,0.1284939424
0.002518393623,0.1412671122
0.0007814616107,0.05042314106
0.0003719147668,0.1582597327
0.001278070296,0.06718794302
0.0003554732203,0.02350097523
0.0003800264098,0.1507565987
0.0007687853228,0.0531687946
0.0002294450495,0.007757220566
0.0003808783353,0.121732984
0.0004957199073,0.04566384767
0.0001847235111,0.007510589582
0.000353432383,0.08915815086
0.0003371269227,0.0336820516
0.000169838813,0.01805147901
0.0003116808934,0.05532079408
0.0002433197045,0.02091225939
0.0001665437875,0.03623732392
0.0002668074941,0.03214473611
0.0001881210781,0.01129150815
0.0001651135809,0.04145235843
0.0002251157366,0.01378855619
0.0001558170229,0.004811764144
0.0001613168043,0.03791085291
0.000189568639,0.01356706541
0.0001367812902,0.002040547239
0.0001543279912,0.02979905158
0.0001609861854,0.01125324372
0.0001251635026,0.001894280932
0.0001448671657,0.02121934485
0.0001389375377,0.00801716825
0.0001174320884,0.006100156848
2.053346017e-05,0.001516107819
0.0001039459562,0.0002210438063
2.808999341e-05,0.003206639979
8.520303744e-06,0.001205919777
3.189333514e-05,0.0002035212932
9.051248721e-06,0.002264455097
8.836501253e-06,0.0008555601615
1.701191498e-05,0.0006741344302
4.992895112e-06,0.001353662356
8.182863538e-06,0.0005032031637
1.049712607e-05,0.001083745977
3.820007849e-06,0.0007633872776
7.224594541e-06,0.0002678817561
7.002259066e-06,0.001157820368
3.475584742e-06,0.0003926694964
6.195002096e-06,9.717764431e-05
4.994354745e-06,0.00101523977
3.36245731e-06,0.0003690001438
5.223593403e-06,5.723701942e-05
3.811416542e-06,0.0007803542171
3.277151378e-06,0.0002947251017
4.373492923e-06,5.08894351e-05
3.112179077e-06,0.0005335872395
3.152430921e-06,0.0002016309304
3.669872982e-06,0.0002083898855
2.6973455e-06,0.0003166525635
2.979005164e-06,0.0001121556472
3.106603006e-06,0.0002929007545
2.438121791e-06,0.0001676995693
2.771577465e-06,5.878068668e-05
2.677013835e-06,0.0002969452459
2.264516332e-06,0.0001024863673
2.550445878e-06,1.714833204e-05
2.344481097e-06,0.000251257757
2.518333656e-06,1.208225749e-05
1.032987924e-06,3.170478971e-05
-3.456249655e-07,1.771753123e-05
3.460351282e-07,6.209333072e-06
3.033496848e-07,3.196339853e-05
-1.520968224e-06,1.105287539e-05
