5.158433606,517.2593468
3.323686388,376.2949755
3.592704107,432.8594293
2.521089482,262.6355223
3.497777589,221.430409
2.343772777,184.9604589
2.921484613,137.7023038
2.724719885,123.9475455
3.147050667,114.5426017
2.979801675,90.67831163
3.262975273,92.64164572
2.71222392,42.04007566
2.5997614,60.47550679
1.916831978,22.2393023
1.945754506,33.68355877
1.702810557,26.75566507
1.413894708,14.63595405
1.34395162,17.61403314
1.122190803,13.53443402
1.084352575,14.3027574
1.080561555,14.88498537
1.0796669,14.31413365
1.07642559,14.41929274
1.069371218,13.95726716
0.7325710848,6.428162256
0.6676942251,8.531072072
0.65406799,7.786594005
0.653221473,7.980643003
0.6531987329,8.071371277
0.653198032,8.004905106
0.6531973084,8.000969706
0.653197275,8.00112942
0.653197266,8.000065019
0.6531972648,8.00042297
0.6531972648,8.000061645
0.6531972647,8.000000274
0.6531972647,8.000001551
0.6531972647,8.000004394
0.6531972647,8.000000838
0.6531972647,8.000000934
0.6531972647,8.000000213
0.6531972647,8.000000037
0.6531972647,8.000000018
0.6531972647,8.000000016
0.6531972647,8.000000002
0.6531972647,8.000000004
0.6539808,7.87223317
0.5598258488,6.217884499
0.1945333169,2.353836149
0.02636587696,1.180995606
0.04932656807,0.2909424645
0.03643290342,0.05811987706
0.002779244079,0.7390026552
0.009498490379,0.2389151818
0.00599987572,0.08968217777
0.0004151693103,0.02680911016
0.00174562461,0.004082082098
0.0009338528246,0.001419583986
5.700926424e-05,0.01843844681
0.0002473069883,0.005516804268
0.0001848604172,0.001936171511
8.198047664e-06,0.0005060484908
5.486761862e-05,0.0001748239412
2.241117638e-05,0.001391189045
1.252737196e-06,0.0003986472877
7.374383501e-06,0.0001359219764
5.145695438e-06,5.188794118e-05
1.862359987e-07,1.81705439e-05
1.564724972e-06,8.009426209e-06
8.077790448e-07,2.800453437e-05
5.455336847e-08,6.857772631e-06
