1.513018227 533.1807526
0.9315130323 523.0979614
0.6977166992 518.7401518
0.5565140432 516.9248903
0.4521539511 516.028715
0.3818231576 515.5690973
0.3322530591 515.2968635
0.2934727966 515.1767288
0.2619734491 515.035505
0.2369572752 514.9595891
0.2164900362 514.8689119
0.1991308385 514.7911723
0.1840422064 514.7276693
0.1713188706 514.6680034
0.1602429158 514.6497907
0.150588297 514.6203144
0.1421146382 514.5846791
0.1346361658 514.5772814
0.1278543094 514.5570513
0.1216883113 514.5491542
0.1160670276 514.535346
0.1109170476 514.5133708
0.106188204 514.5153719
0.1018606477 514.5022061
0.09788130473 514.498861
0.3505918426 517.3827872
0.1072666462 515.6053196
0.0618260925 515.1866205
0.04504143974 514.9542301
0.0353143583 514.8302834
0.02822387123 514.7275426
0.02373014843 514.6887461
0.02060154765 514.644032
0.01865821435 514.5953405
0.01750793488 514.5762336
0.01648394127 514.5692782
0.01546163231 514.5532974
0.01469580424 514.553244
0.01382175041 514.5206791
0.01296964879 514.5216383
0.0121994443 514.5125333
0.01157047276 514.5019848
0.01104084827 514.4906667
0.01047140257 514.4856645
0.009960955303 514.4743179
0.009508756288 514.468773
0.009149823897 514.468948
0.008816464661 514.4678403
0.008491772127 514.4671415
0.00820141702 514.4668054
0.007924817531 514.4641677
0.03088812095 514.6367628
0.01866819173 514.5712746
0.01471927706 514.5335777
0.0125939203 514.5211808
0.01074201846 514.5100917
0.009082925549 514.4978747
0.007942571514 514.4934684
0.007087787548 514.4825945
0.006607101759 514.4746712
0.006310295571 514.471692
0.006131102288 514.468892
0.00582048688 514.4632066
0.00545280527 514.4638542
0.00515102544 514.4622327
0.004915561411 514.4617765
0.004670789099 514.4593207
0.004399485477 514.4572068
0.004074768125 514.4532428
0.003761449899 514.4499446
0.003521218474 514.4503703
0.003347452842 514.4492956
0.003208805007 514.4483448
0.003094959007 514.4474006
0.002986190497 514.4464573
0.002902139493 514.4452545
0.01247913838 514.4821275
0.005721936945 514.4593445
0.004507926839 514.4554497
0.003732193624 514.4501829
0.003428116078 514.4484363
0.003275032121 514.4471959
0.003126038757 514.4455875
0.002974163461 514.4455986
0.002846380984 514.4452531
0.00271931147 514.4440466
0.002584691378 514.4438808
0.002458272155 514.4418381
0.002356612727 514.440194
0.002286611374 514.439694
0.002234275609 514.4401861
0.002197473896 514.4400087
0.002172709641 514.4404186
0.00215373398 514.439868
0.002139361837 514.4395561
0.002127406319 514.4395928
0.002114727591 514.4386663
0.002104598942 514.4381145
0.002093488001 514.4379293
0.002075034516 514.4371166
0.002052739598 514.4374659
0.002026058612 514.4373637
0.002523732467 514.4385353
0.002299862753 514.4370483
0.002235182446 514.4365826
0.002203084537 514.4365998
0.002165026747 514.4363471
0.002120954281 514.436131
0.0020890808 514.4357682
0.002062844594 514.4353767
0.00203975619 514.4348353
0.002024126926 514.4342666
0.002011053912 514.4342072
0.001996591829 514.4341057
0.001978560681 514.4341335
0.001956492041 514.4339602
0.001932069378 514.4340594
0.001907438149 514.4338438
0.001880591033 514.4339952
0.001850951775 514.4342645
0.001818731107 514.4346893
0.001781391158 514.435474
0.001736730028 514.4353183
0.001686004863 514.4351345
0.001631198797 514.4348146
0.001573725145 514.434433
0.001515386212 514.4347021
0.001457210651 514.4350181
0.001781987342 514.4344035
0.001614553474 514.43324
0.001565928908 514.4328254
0.001528992352 514.4324154
0.001501832073 514.4322613
0.001479764662 514.4323128
0.001455654295 514.4325604
0.001424303189 514.4326464
0.00138899654 514.432751
0.001350007099 514.4327786
0.001301858808 514.4331004
0.001243218605 514.4325489
0.001183862652 514.4326974
0.00112343159 514.4327306
0.001061379195 514.4326332
0.0009997058659 514.4322768
0.0009407578633 514.4321171
0.0008851673936 514.4318716
0.0008344447489 514.4317273
0.0007872754738 514.4309934
0.0007439230019 514.4309724
0.000703978305 514.431464
0.0006646016633 514.4318781
0.000623790607 514.431739
0.0005829586075 514.4315202
0.001595911625 514.4350125
0.001029055348 514.4330529
0.0008800013097 514.4324694
0.0007834172132 514.4317833
0.0007251777367 514.431746
0.0006816398461 514.4317503
0.0006366412924 514.4316203
0.0005909354026 514.4312462
0.0005547861294 514.4311751
0.0005249717332 514.4314292
0.0004961969171 514.4312078
0.0004706781284 514.4308896
0.0004498190979 514.43086
0.0004295826332 514.4310683
0.00040743894 514.431079
0.0003827180165 514.4308303
0.0003577680549 514.4306443
0.0003349339864 514.4308569
0.0003132319475 514.4310277
0.0002926120288 514.4307479
0.0002743311162 514.4304504
0.0002585955292 514.430359
0.0002436007813 514.430441
0.0002287427214 514.430422
0.0002139582311 514.4303731
0.0001994652796 514.4302867
0.0002405755412 514.4297284
0.0001910633182 514.429627
0.0001704564938 514.4296035
0.0001560261895 514.4295136
0.0001452519448 514.4295324
0.0001351163522 514.4295295
0.0001246215487 514.4295296
0.0001134831523 514.4295205
0.0001033770518 514.4294881
9.466215286e-05 514.4294605
8.754418667e-05 514.4294363
8.324580225e-05 514.4293558
8.324281615e-05 514.4292583
8.81060974e-05 514.4291606
9.683441696e-05 514.4290313
0.0001080506885 514.4289749
0.0001201060024 514.4289248
0.0001322231167 514.4288241
0.0001442572931 514.428741
0.0001559421811 514.4286706
0.000167240913 514.4286126
0.0001779697428 514.4285871
0.0001880154309 514.4285744
0.0001972055246 514.4286246
0.000205317636 514.4287115
0.0003846490785 514.4294965
0.0002065811079 514.4290714
0.0001981358307 514.4289391
0.0002054441304 514.4289004
0.0002155657719 514.4288181
0.0002250720586 514.4287435
0.0002342618656 514.4286595
0.0002429055306 514.42859
0.0002509915508 514.4286152
0.0002577638368 514.4285983
0.0002629767488 514.4285702
0.0002670803285 514.4285343
0.0002700961458 514.4286121
0.000271868103 514.4285651
0.0002726747985 514.4285866
0.0002724571769 514.4286568
0.000271278466 514.4287343
0.0002690955214 514.4287869
0.000265916135 514.4287939
0.0002618668961 514.4288168
0.000256973709 514.428835
0.0002513100547 514.4288582
0.0002450232539 514.4288623
0.000238196153 514.4288661
0.0002309025785 514.4288353
0.0002232671873 514.428824
0.0002245491899 514.4285254
0.0002187209088 514.4285158
0.0002139680944 514.4285326
0.0002092011163 514.4285561
0.0002040055972 514.4285753
0.0001983586807 514.4285938
0.0001923088134 514.4286114
0.0001859712957 514.4286246
0.0001793939242 514.4286322
0.000172683386 514.4286456
0.0001658873279 514.4286563
0.0001590765254 514.4286253
0.0001525892535 514.4285924
0.0001463691866 514.4285887
0.0001403154094 514.428598
0.0001345025094 514.4285862
0.0001290164815 514.4285904
0.0001238431885 514.428571
0.0001189972197 514.4285508
0.0001145062203 514.4284644
0.0001106510891 514.4283939
0.0001076204174 514.4283608
0.0001053559193 514.4283373
0.0001037425134 514.4283355
0.0001025375024 514.4283845
0.0001014071254 514.428417
0.0001361283202 514.4287245
0.000108394411 514.428647
0.0001008718209 514.4285944
9.768974598e-05 514.4285722
9.568796017e-05 514.4285576
9.341695664e-05 514.4285501
9.189285492e-05 514.4285323
9.110601158e-05 514.4284749
9.122637648e-05 514.4283977
9.214189616e-05 514.4283591
9.350158859e-05 514.4283399
9.49425063e-05 514.4283236
9.609626797e-05 514.4283333
9.668319919e-05 514.428374
9.622002193e-05 514.4283783
9.472279514e-05 514.4283914
9.22152039e-05 514.4284128
8.867360341e-05 514.4284021
8.455326274e-05 514.4283692
8.019094948e-05 514.4283269
7.597877902e-05 514.4282773
7.216585482e-05 514.4282718
6.869700093e-05 514.4282492
6.559100802e-05 514.4282705
6.293280172e-05 514.4282466
0.0001434891722 514.4284086
7.057403063e-05 514.4282771
5.549855932e-05 514.4282475
5.350079932e-05 514.4282199
5.518366043e-05 514.4281917
5.832858653e-05 514.4281327
6.300127856e-05 514.4281284
6.825153973e-05 514.4281288
7.297883249e-05 514.4280845
7.744274912e-05 514.4280761
8.168767586e-05 514.4280714
8.582645988e-05 514.4280419
8.996130596e-05 514.428024
9.393185035e-05 514.4279783
9.791306981e-05 514.427952
0.0001018919814 514.4279202
0.000105876337 514.4279009
0.000109820235 514.4278663
0.0001136992889 514.4278344
0.0001174792658 514.427838
0.0001211114547 514.4278033
0.0001246107955 514.4277901
0.0001279581661 514.4277613
0.0001311264285 514.4277427
0.0001341246085 514.4277236
0.0001369606908 514.4277027
0.0001441919913 514.4278798
0.0001472242671 514.4278562
0.0001503109393 514.4278306
0.0001533676839 514.4278043
0.0001563083268 514.4277803
0.0001591175906 514.4277541
0.0001618292227 514.4277336
0.0001644123617 514.4277091
0.0001668856521 514.4276905
0.0001692441825 514.4276668
0.0001714718115 514.4276464
0.0001735833661 514.4276266
0.0001755937644 514.4276067
0.0001774460198 514.4275883
0.000179186739 514.4275704
0.0001808225101 514.427548
0.0001823717988 514.4275273
0.0001838316029 514.4275078
0.0001852040324 514.4274919
0.0001864672346 514.427475
0.0001876491545 514.4274609
0.0001887353552 514.4274427
0.0001897403134 514.4274233
0.0001906679672 514.4274089
0.0001915213934 514.4273991
0.0001967614059 514.4275992
0.000196219416 514.4275511
0.0001973578131 514.4275255
0.0001985759793 514.4275022
0.0001995992434 514.4274794
0.0002006451292 514.4274563
0.0002016749509 514.4274341
0.0002026467006 514.4274127
0.0002035018643 514.4273959
0.0002042627469 514.427377
0.0002049506589 514.4273615
0.000205565358 514.4273509
0.0002060885952 514.4273451
0.000206520455 514.4273431
0.0002068599545 514.427352
0.0002070960264 514.4273694
0.0002072241423 514.4273892
0.0002072396725 514.4274102
0.0002071395499 514.4274359
0.0002069186816 514.4274636
0.0002065723767 514.4274927
0.0002060944392 514.4275242
0.0002054837504 514.4275552
0.0002047380437 514.4275863
0.0002038535965 514.4276184
0.0002028288611 514.4276498
0.0002033616795 514.4273218
0.000202598118 514.4273288
0.0002018948767 514.427348
0.0002011646427 514.4273678
0.0002003666782 514.4273952
0.0001994498556 514.4274234
0.0001984119962 514.4274526
0.0001972363087 514.4274828
0.0001959233381 514.4275117
0.0001944660295 514.4275409
0.0001928566709 514.4275724
0.0001910965874 514.4276006
0.0001891890198 514.4276282
0.0001871363626 514.4276564
0.000184939283 514.4276828
0.0001826145064 514.4277082
0.0001801660796 514.4277322
0.0001775869162 514.4277559
0.000174855277 514.4277775
0.0001720145576 514.427798
0.0001690660625 514.4278174
0.00016600927 514.4278328
0.0001628531566 514.4278491
0.0001596002555 514.4278635
0.0001562468851 514.4278753
0.0001528121886 514.4278854
0.0001508625641 514.4276348
0.0001479425144 514.4276575
0.0001449268407 514.4276826
0.0001418143972 514.4277033
0.0001386083228 514.4277236
0.0001353158241 514.4277433
0.0001319585251 514.4277615
0.0001284863555 514.42778
0.0001249255027 514.4277942
0.0001213122927 514.4278105
0.0001176498448 514.427823
0.0001139287718 514.4278349
0.0001101451855 514.427846
0.0001063089024 514.4278552
0.0001024387375 514.4278618
9.8538357e-05 514.4278679
9.46100243e-05 514.4278734
9.066209828e-05 514.4278748
8.669590815e-05 514.4278771
8.271886738e-05 514.4278776
7.873615667e-05 514.427877
7.475101626e-05 514.4278749
7.076969147e-05 514.4278707
6.680515955e-05 514.4278631
6.285842287e-05 514.4278557
5.995990909e-05 514.4278111
5.594578493e-05 514.4278179
5.222689914e-05 514.427824
4.855571177e-05 514.4278307
4.493100198e-05 514.4278335
4.139929409e-05 514.4278373
3.796186381e-05 514.4278385
3.465504756e-05 514.4278388
3.151205579e-05 514.4278376
2.859157964e-05 514.4278354
2.597305501e-05 514.4278316
2.376640291e-05 514.4278228
2.208401183e-05 514.4278172
2.104191546e-05 514.4278091
2.073734001e-05 514.4278003
2.118928933e-05 514.4277885
2.233880848e-05 514.4277767
2.407122078e-05 514.427764
2.625577385e-05 514.4277492
2.877472699e-05 514.427733
3.153142782e-05 514.4277165
3.445130561e-05 514.4276994
3.747917761e-05 514.4276799
4.057402366e-05 514.4276587
4.370550687e-05 514.4276373
4.68499211e-05 514.4276154
5.016546075e-05 514.4277735
5.35966383e-05 514.4277644
5.705612719e-05 514.4277511
6.04983021e-05 514.4277392
6.390010505e-05 514.4277269
6.726742667e-05 514.4277136
7.059785813e-05 514.4276973
7.388276823e-05 514.4276806
7.711799392e-05 514.4276645
8.029872849e-05 514.4276455
8.341897735e-05 514.4276248
8.647566894e-05 514.4276042
8.945881719e-05 514.4275839
9.236680026e-05 514.4275617
9.519919272e-05 514.427539
9.795087719e-05 514.4275141
0.0001006187953 514.4274894
0.0001031994714 514.4274646
0.0001056888161 514.4274384
0.000108083572 514.4274107
0.0001103813726 514.4273841
0.0001125800499 514.4273566
0.0001146746942 514.4273288
0.0001166648775 514.4273002
0.0001185487386 514.4272717
0.0001207798659 514.427558
0.0001229441462 514.4275335
0.0001251332278 514.4275118
0.0001272099411 514.4274889
0.0001292022707 514.4274655
0.0001311038371 514.4274418
0.0001329088528 514.4274173
0.000134612001 514.4273921
0.0001362111744 514.4273663
0.0001377044471 514.4273407
0.0001390854623 514.4273139
0.0001403592817 514.4272877
0.0001415241929 514.4272612
0.0001425785258 514.427234
0.0001435210691 514.4272082
0.0001443508014 514.4272058
0.0001450631787 514.427232
0.0001456597584 514.4272591
0.0001461418771 514.4272862
0.0001465083173 514.4273134
0.0001467572535 514.4273414
0.0001468838967 514.4273667
0.0001468968619 514.4273921
0.0001467959266 514.4274174
0.0001465814593 514.4274424
0.0001462537511 514.4274665
0.0001464377046 514.4272294
0.0001466262176 514.4272059
0.0001466948163 514.4272098
0.0001466623569 514.4272346
0.0001465227144 514.4272596
0.0001462691581 514.4272852
0.0001458994434 514.4273104
0.0001454186346 514.4273346
0.0001448257864 514.4273602
0.0001441169406 514.4273845
0.000143299367 514.4274085
0.0001423769372 514.4274315
0.0001413513256 514.4274541
0.0001402244179 514.4274757
0.0001389976463 514.4274971
0.0001376721583 514.4275176
0.0001362493108 514.4275376
0.0001347305995 514.427557
0.0001331173334 514.4275752
0.0001314123826 514.4275928
0.0001296185473 514.4276096
0.0001277376446 514.4276249
0.0001257736997 514.427639
0.0001237291602 514.4276528
0.0001216050271 514.4276649
0.0001194054403 514.427676
0.0001178968836 514.4274621
0.0001160821589 514.4274825
0.0001141929368 514.4275017
0.0001122434318 514.4275199
0.0001102190968 514.4275378
0.0001081185341 514.4275545
0.0001059436267 514.4275708
0.0001036947469 514.4275863
0.0001013763124 514.4276004
9.899028485e-05 514.427614
9.6538719e-05 514.4276262
9.402601558e-05 514.4276377
9.145498572e-05 514.4276478
8.882872647e-05 514.4276574
8.614911732e-05 514.4276647
8.342134952e-05 514.4276714
8.06477622e-05 514.4276778
7.783253596e-05 514.4276831
7.498097371e-05 514.4276872
7.209637696e-05 514.4276896
6.91833354e-05 514.4276904
6.62457511e-05 514.4276909
6.328731084e-05 514.4276902
6.031215625e-05 514.4276884
5.732502543e-05 514.4276858
5.459921018e-05 514.4276226
5.182214034e-05 514.4276307
4.904375455e-05 514.4276383
4.624685502e-05 514.4276441
4.343849932e-05 514.4276487
4.062043825e-05 514.4276533
3.780316273e-05 514.4276567
3.499555906e-05 514.4276592
3.220602083e-05 514.4276607
2.944809464e-05 514.4276606
2.67380978e-05 514.4276598
2.409928488e-05 514.4276575
2.156341546e-05 514.4276546
1.917542982e-05 514.4276502
1.6999473e-05 514.4276446
1.512654011e-05 514.4276383
1.367739157e-05 514.4276307
1.279232645e-05 514.4276202
1.25716174e-05 514.4276131
1.303263703e-05 514.4275993
1.409478816e-05 514.4275895
1.561533671e-05 514.4275786
1.745486976e-05 514.4275653
1.95049093e-05 514.4275513
2.168837297e-05 514.4275365
2.39518432e-05 514.4275211
2.649291357e-05 514.427622
2.897497275e-05 514.4276166
3.152169539e-05 514.4276109
3.409468632e-05 514.4276033
3.667305089e-05 514.427595
3.924313295e-05 514.4275858
4.180129834e-05 514.4275736
4.43127046e-05 514.4275652
4.678390446e-05 514.42755
4.921845077e-05 514.4275387
5.161053637e-05 514.4275271
5.395582364e-05 514.4275122
5.624965956e-05 514.4274981
5.848901465e-05 514.4274828
6.067092618e-05 514.4274667
6.279396286e-05 514.4274503
6.485586125e-05 514.4274327
6.685585331e-05 514.4274146
6.879134293e-05 514.4273962
7.066128532e-05 514.4273779
7.24628522e-05 514.427359
7.419515411e-05 514.4273399
7.585696776e-05 514.4273212
7.744691928e-05 514.4273018
7.896311621e-05 514.4272825
8.09883194e-05 514.4274816
8.261339892e-05 514.4274643
8.434019846e-05 514.4274468
8.601232236e-05 514.4274349
8.760864411e-05 514.4274152
8.914167508e-05 514.427398
9.060728726e-05 514.4273812
9.199783649e-05 514.427364
9.331302296e-05 514.4273464
9.455356018e-05 514.4273278
9.57186035e-05 514.42731
9.680732711e-05 514.4272909
9.781816062e-05 514.4272725
9.875009128e-05 514.4272538
9.960285368e-05 514.4272352
0.0001003759597 514.4272173
0.0001010688188 514.4272022
0.0001016809242 514.4272116
0.0001022115691 514.4272289
0.0001026603925 514.4272481
0.0001030271205 514.4272667
0.0001033117557 514.4272863
0.0001035134193 514.4273051
0.00010363291 514.4273233
0.0001036704361 514.4273414
0.0001036263565 514.4273597
0.0001039729211 514.4272477
0.0001042777539 514.4272292
0.0001045277279 514.4272107
0.0001047011134 514.4271987
0.0001047949799 514.4272115
0.0001048088934 514.4272295
0.0001047422198 514.4272476
0.000104595199 514.4272658
0.0001043679525 514.4272838
0.0001040606956 514.4273016
0.0001036736262 514.427319
0.000103207589 514.4273363
0.0001026634331 514.4273531
0.0001020416731 514.4273696
0.0001013428339 514.4273856
0.0001005679659 514.4274014
9.97169865e-05 514.4274167
9.879121419e-05 514.4274317
9.779168401e-05 514.4274457
9.671899367e-05 514.4274591
9.5574308e-05 514.4274717
9.435997039e-05 514.4274842
9.307785066e-05 514.4274957
9.172958948e-05 514.4275063
9.03189184e-05 514.4275161
8.884776795e-05 514.4275255
8.799051852e-05 514.4273615
8.686889631e-05 514.4273766
8.567456807e-05 514.4273912
8.441498472e-05 514.4274054
8.308891197e-05 514.4274191
8.169885277e-05 514.4274324
8.024271313e-05 514.4274448
7.872743046e-05 514.4274566
7.715112219e-05 514.427468
7.551745641e-05 514.4274786
7.383622503e-05 514.4274886
7.210688168e-05 514.4274981
7.033127167e-05 514.4275068
6.851721965e-05 514.4275145
6.666605394e-05 514.4275215
6.477955317e-05 514.4275279
6.285982646e-05 514.4275336
6.090747454e-05 514.4275381
5.892623246e-05 514.4275422
5.691829455e-05 514.4275454
5.48858333e-05 514.4275476
5.2831305e-05 514.4275493
5.075732295e-05 514.42755
4.866624644e-05 514.4275497
4.656021149e-05 514.4275488
4.483943513e-05 514.4274886
4.288307104e-05 514.4274958
4.090765246e-05 514.4275023
3.890215183e-05 514.4275083
3.688910952e-05 514.4275131
3.486199439e-05 514.4275175
3.282399763e-05 514.427521
3.078491966e-05 514.4275239
2.874748106e-05 514.4275259
2.671585389e-05 514.4275273
2.469571113e-05 514.4275278
2.269325814e-05 514.4275274
2.071711624e-05 514.4275267
1.877976861e-05 514.4275246
1.689798636e-05 514.4275218
1.509504224e-05 514.4275184
1.340383758e-05 514.4275143
1.187166326e-05 514.4275092
1.056517134e-05 514.4275036
9.571828136e-06 514.4274968
8.988173601e-06 514.4274904
8.886623448e-06 514.427483
9.272120177e-06 514.4274742
1.007641024e-05 514.4274648
1.119677173e-05 514.4274549
1.253522685e-05 514.4274447
1.407218869e-05 514.4275035
1.572343291e-05 514.4275007
1.746019211e-05 514.4274973
1.924458403e-05 514.4274934
2.10574265e-05 514.4274886
2.288542571e-05 514.427483
2.471867674e-05 514.4274769
2.654867154e-05 514.4274703
2.836999689e-05 514.4274632
3.01757316e-05 514.4274552
3.195957141e-05 514.427446
3.371824625e-05 514.4274368
3.544925355e-05 514.4274267
3.714939779e-05 514.4274166
3.881584549e-05 514.4274056
4.04464624e-05 514.4273937
4.203899078e-05 514.4273817
4.359135493e-05 514.4273697
4.510164448e-05 514.4273575
4.6567286e-05 514.4273443
4.798653129e-05 514.4273304
4.935807739e-05 514.4273164
5.068035836e-05 514.4273026
5.195185909e-05 514.4272886
5.317123031e-05 514.4272738
5.450544388e-05 514.4274106
5.585039672e-05 514.4274005
5.720858449e-05 514.4273906
5.852472227e-05 514.4273801
5.979382071e-05 514.4273684
6.101477239e-05 514.4273566
6.218636218e-05 514.4273444
6.330738665e-05 514.4273325
6.43765571e-05 514.4273199
6.539322931e-05 514.4273064
6.63556381e-05 514.4272928
6.726326531e-05 514.4272798
6.811521681e-05 514.4272667
6.891062858e-05 514.4272529
6.964880766e-05 514.4272391
7.032910009e-05 514.4272247
7.095088642e-05 514.4272108
7.151374484e-05 514.427199
7.201727713e-05 514.4272028
7.246073491e-05 514.4272159
7.284331807e-05 514.4272299
7.316583511e-05 514.4272438
7.342802924e-05 514.4272573
7.362981851e-05 514.4272707
7.377131424e-05 514.4272847
7.385262079e-05 514.4272983
7.414400611e-05 514.4272464
7.44837573e-05 514.4272331
7.476918206e-05 514.42722
7.499751496e-05 514.427207
7.516790059e-05 514.4271947
7.528037161e-05 514.4272034
7.533434016e-05 514.4272162
7.532923221e-05 514.4272295
7.526522336e-05 514.4272428
7.514346874e-05 514.4272558
7.496417014e-05 514.4272687
7.472766443e-05 514.4272814
7.443423175e-05 514.4272941
7.408429617e-05 514.4273063
7.367839406e-05 514.4273184
7.321717023e-05 514.4273301
7.270100451e-05 514.4273415
7.213052054e-05 514.4273525
7.150659091e-05 514.4273633
7.083012235e-05 514.4273736
7.010241154e-05 514.4273835
6.932490765e-05 514.4273928
6.849874956e-05 514.4274018
6.762476277e-05 514.4274103
6.670498526e-05 514.4274182
6.574071728e-05 514.4274256
6.511060437e-05 514.4273014
6.437822103e-05 514.4273126
6.360286246e-05 514.4273236
6.278089292e-05 514.4273341
6.191232979e-05 514.4273445
6.099779393e-05 514.4273544
6.003690882e-05 514.4273641
5.903213539e-05 514.4273732
5.798529558e-05 514.427382
5.689775702e-05 514.4273902
5.577130028e-05 514.427398
5.460693247e-05 514.4274054
5.340592328e-05 514.4274122
5.217079274e-05 514.4274185
5.090319977e-05 514.4274244
4.960467251e-05 514.4274296
4.827686838e-05 514.4274343
4.692144324e-05 514.4274385
4.554012278e-05 514.427442
4.413469476e-05 514.4274449
4.270700625e-05 514.4274473
4.125887831e-05 514.4274491
3.979221262e-05 514.4274504
3.830897811e-05 514.427451
3.681116892e-05 514.427451
3.54248569e-05 514.4273997
3.406465977e-05 514.4274055
3.268190162e-05 514.4274109
3.128169939e-05 514.4274157
2.986528131e-05 514.42742
2.843142773e-05 514.4274238
2.69842616e-05 514.427427
2.552668205e-05 514.4274297
2.406106332e-05 514.4274318
2.259010262e-05 514.4274334
2.111699884e-05 514.4274344
1.964547077e-05 514.4274349
1.817978446e-05 514.4274347
1.672506776e-05 514.427434
1.528783025e-05 514.4274327
1.38764248e-05 514.4274309
1.250192196e-05 514.4274285
1.117951997e-05 514.4274256
9.930657823e-06 514.427422
8.786104779e-06 514.427418
7.789788018e-06 514.4274135
7.001217529e-06 514.4274084
6.490413885e-06 514.4274028
6.317332167e-06 514.4273968
6.500131756e-06 514.4273902
7.001117253e-06 514.4273832
7.773190187e-06 514.4274187
8.743746244e-06 514.4274174
9.840395323e-06 514.4274156
1.10217481e-05 514.4274132
1.225911703e-05 514.4274103
1.353260135e-05 514.427407
1.482812987e-05 514.427403
1.613543648e-05 514.4273987
1.744679041e-05 514.4273939
1.875617392e-05 514.4273885
2.005871615e-05 514.4273827
2.135030118e-05 514.4273765
2.262747447e-05 514.4273698
2.388717058e-05 514.4273627
2.512675115e-05 514.4273553
2.634396819e-05 514.4273474
2.753674098e-05 514.4273391
2.870303838e-05 514.4273306
2.984111363e-05 514.4273217
3.09494148e-05 514.4273125
3.202651135e-05 514.427303
3.307103261e-05 514.4272932
3.408169811e-05 514.4272832
3.505733232e-05 514.4272731
3.59968284e-05 514.4272627
3.698538361e-05 514.4273575
3.804611794e-05 514.4273507
3.908176202e-05 514.4273436
4.008725602e-05 514.4273362
4.106137693e-05 514.4273284
4.200288066e-05 514.4273203
4.291059317e-05 514.4273119
4.378348521e-05 514.4273031
4.462055412e-05 514.4272942
4.542083754e-05 514.4272851
4.618343347e-05 514.4272756
4.690747965e-05 514.427266
4.759215272e-05 514.4272562
4.823670485e-05 514.4272463
4.884042694e-05 514.4272363
4.940262865e-05 514.4272262
4.99227977e-05 514.4272159
5.040047356e-05 514.4272056
5.083528151e-05 514.4271953
5.122687704e-05 514.4271974
5.157494698e-05 514.4272077
5.1879321e-05 514.4272179
5.213987402e-05 514.4272281
5.235654536e-05 514.4272382
5.252932854e-05 514.4272482
5.265827349e-05 514.427258
5.291974759e-05 514.4272411
5.323450099e-05 514.4272316
5.350837414e-05 514.4272221
5.374070654e-05 514.4272125
5.393124926e-05 514.4272028
5.407981236e-05 514.4271931
5.418626709e-05 514.4271989
5.425054236e-05 514.4272086
5.427262575e-05 514.4272182
5.425256673e-05 514.4272277
5.419047533e-05 514.4272371
5.408652152e-05 514.4272465
5.394093461e-05 514.4272557
5.375400248e-05 514.4272647
5.35260709e-05 514.4272736
5.325754286e-05 514.4272823
5.294887768e-05 514.4272908
5.260059045e-05 514.427299
5.221325146e-05 514.427307
5.178748539e-05 514.4273147
5.132397024e-05 514.4273222
5.082343587e-05 514.4273293
5.028666248e-05 514.4273361
4.971447245e-05 514.4273426
4.910772988e-05 514.4273487
4.846728341e-05 514.4273544
4.803981256e-05 514.4272618
4.757510001e-05 514.4272701
4.707422567e-05 514.4272782
4.653772424e-05 514.4272861
4.596625462e-05 514.4272938
4.536052725e-05 514.4273012
4.472128116e-05 514.4273084
4.404921182e-05 514.4273153
4.334511545e-05 514.427322
4.260989125e-05 514.4273283
4.184425708e-05 514.4273343
4.104900233e-05 514.4273399
4.022534672e-05 514.4273453
3.937446774e-05 514.4273502
3.84972664e-05 514.4273548
3.759510506e-05 514.427359
3.66694007e-05 514.4273628
3.572153834e-05 514.4273662
3.475278058e-05 514.4273692
3.376424999e-05 514.4273718
3.275729148e-05 514.427374
3.173342613e-05 514.4273757
3.069418633e-05 514.427377
2.964108478e-05 514.4273779
2.857557735e-05 514.4273783
2.760484249e-05 514.4273366
2.665396241e-05 514.4273412
2.5685001e-05 514.4273454
2.469856745e-05 514.4273493
2.36961395e-05 514.4273528
2.267903763e-05 514.4273559
2.164859941e-05 514.4273586
2.060674625e-05 514.427361
1.955528411e-05 514.4273629
1.849598924e-05 514.4273645
1.74310675e-05 514.4273656
1.636279947e-05 514.4273663
1.529359974e-05 514.4273667
1.422613523e-05 514.4273666
1.316349342e-05 514.4273661
1.21095063e-05 514.4273652
1.1068824e-05 514.4273639
1.00473367e-05 514.4273622
9.052784932e-06 514.4273601
8.095717563e-06 514.4273576
7.190972178e-06 514.4273547
6.359788319e-06 514.4273514
5.632502884e-06 514.4273478
5.050498468e-06 514.4273438
4.663663748e-06 514.4273394
4.516726443e-06 514.4273347
4.645091245e-06 514.4273556
5.013146476e-06 514.427355
5.568555214e-06 514.4273541
6.259471031e-06 514.4273528
7.043455015e-06 514.4273511
7.889764346e-06 514.4273491
8.777060039e-06 514.4273467
9.690561464e-06 514.4273439
1.061983452e-05 514.4273408
1.155726631e-05 514.4273373
1.249718609e-05 514.4273335
1.343515137e-05 514.4273293
1.436759818e-05 514.4273248
1.52916346e-05 514.42732
1.620483135e-05 514.4273149
1.710507265e-05 514.4273096
1.799048065e-05 514.4273039
1.885939608e-05 514.427298
1.971029854e-05 514.4272918
2.054185844e-05 514.4272854
2.135280102e-05 514.4272788
2.214194062e-05 514.4272719
2.290822039e-05 514.427265
2.365066077e-05 514.4272578
2.436833467e-05 514.4272505
2.509651504e-05 514.4273157
2.589360845e-05 514.4273111
2.667396628e-05 514.4273062
2.743383129e-05 514.4273011
2.817228337e-05 514.4272958
2.888841424e-05 514.4272902
2.958134742e-05 514.4272844
3.025026413e-05 514.4272783
3.089434613e-05 514.4272721
3.151279814e-05 514.4272656
3.210496098e-05 514.427259
3.267009129e-05 514.4272523
3.320758792e-05 514.4272453
3.371689525e-05 514.4272384
3.419742826e-05 514.4272312
3.464867172e-05 514.427224
3.507019742e-05 514.4272166
3.546161401e-05 514.4272093
3.582258452e-05 514.4272019
3.615281197e-05 514.4271945
3.645204043e-05 514.4271955
3.672005287e-05 514.4272029
3.695667278e-05 514.4272104
3.716176755e-05 514.4272178
3.733524975e-05 514.4272251
3.747707987e-05 514.4272323
3.770679756e-05 514.4272341
3.797999572e-05 514.4272273
3.822403624e-05 514.4272206
3.843838235e-05 514.4272137
3.862273522e-05 514.4272068
3.87769314e-05 514.4271998
3.890083045e-05 514.4271928
3.899432962e-05 514.4271966
3.905736729e-05 514.4272036
3.908992285e-05 514.4272105
3.909201963e-05 514.4272175
3.906372489e-05 514.4272243
3.900514895e-05 514.4272311
3.891644498e-05 514.4272378
3.879780858e-05 514.4272444
3.864947734e-05 514.4272508
3.847173049e-05 514.4272572
3.826488815e-05 514.4272633
3.80293106e-05 514.4272693
3.776539795e-05 514.4272751
3.74735893e-05 514.4272807
3.715436218e-05 514.4272861
3.680823196e-05 514.4272913
3.643575094e-05 514.4272963
3.603750713e-05 514.427301
3.561412324e-05 514.4273054
3.534679551e-05 514.4272361
3.505213407e-05 514.4272423
3.473077076e-05 514.4272483
3.438304231e-05 514.4272542
3.400937694e-05 514.42726
3.361024512e-05 514.4272655
3.318615449e-05 514.427271
3.273764832e-05 514.4272762
3.226530444e-05 514.4272812
3.176973435e-05 514.427286
3.125158232e-05 514.4272906
3.071138367e-05 514.427295
3.014970804e-05 514.4272991
2.956739772e-05 514.427303
2.896528e-05 514.4273066
2.834423128e-05 514.4273099
2.770512164e-05 514.427313
2.704881403e-05 514.4273158
2.637614676e-05 514.4273183
2.568798253e-05 514.4273204
2.498523752e-05 514.4273223
2.426889337e-05 514.4273239
2.353993909e-05 514.4273252
2.279937143e-05 514.4273261
2.20481977e-05 514.4273268
2.13402297e-05 514.4272931
2.067476364e-05 514.4272967
1.999496956e-05 514.4273
1.930136059e-05 514.4273031
1.859485944e-05 514.4273059
1.787640897e-05 514.4273085
1.714674481e-05 514.4273108
1.640708606e-05 514.4273128
1.565864872e-05 514.4273145
1.490268017e-05 514.4273159
1.41404366e-05 514.427317
1.337321502e-05 514.4273179
1.260239294e-05 514.4273184
1.182948963e-05 514.4273187
1.105622431e-05 514.4273186
1.028453703e-05 514.4273183
9.51665894e-06 514.4273176
8.755237279e-06 514.4273167
8.0035186e-06 514.4273155
7.265625313e-06 514.4273139
6.546984242e-06 514.4273121
5.854992605e-06 514.42731
5.20004084e-06 514.4273077
4.597021438e-06 514.427305
4.067259843e-06 514.4273021
3.640002271e-06 514.427299
3.364451228e-06 514.4273107
3.261823901e-06 514.4273106
3.344268012e-06 514.4273102
3.59834639e-06 514.4273096
3.990034111e-06 514.4273086
4.481550564e-06 514.4273074
5.041593766e-06 514.427306
5.647377462e-06 514.4273042
6.283074394e-06 514.4273022
6.937733491e-06 514.4272999
7.60364212e-06 514.4272974
8.275214827e-06 514.4272946
8.948274591e-06 514.4272916
9.619591707e-06 514.4272884
1.028658568e-05 514.4272849
1.094714344e-05 514.4272812
1.159947689e-05 514.4272773
1.224203016e-05 514.4272732
1.287345925e-05 514.4272689
1.34925644e-05 514.4272644
1.409827481e-05 514.4272598
1.468958893e-05 514.427255
1.526560767e-05 514.42725
1.582551379e-05 514.4272449
1.636855394e-05 514.4272397
1.691700102e-05 514.4272848
1.751355188e-05 514.4272817
1.80987675e-05 514.4272784
1.867026645e-05 514.4272749
1.922729439e-05 514.4272712
1.976914299e-05 514.4272673
2.029513623e-05 514.4272632
2.080462852e-05 514.427259
2.129700518e-05 514.4272546
2.177167922e-05 514.4272501
2.222809431e-05 514.4272454
2.26657263e-05 514.4272406
2.308408133e-05 514.4272357
2.348269624e-05 514.4272307
2.386113887e-05 514.4272256
2.421900768e-05 514.4272204
2.455593342e-05 514.4272151
2.487157824e-05 514.4272098
2.516562965e-05 514.4272045
2.543781774e-05 514.4271991
2.568790652e-05 514.4271937
2.591569056e-05 514.4271941
2.612099724e-05 514.4271995
2.630368612e-05 514.4272048
2.646365268e-05 514.4272102
2.660082548e-05 514.4272154
2.679804585e-05 514.4272273
2.702802418e-05 514.4272225
2.723722498e-05 514.4272176
2.74252271e-05 514.4272127
2.75918089e-05 514.4272077
2.773679178e-05 514.4272027
2.786002907e-05 514.4271976
2.796140512e-05 514.4271925
2.804083532e-05 514.4271949
2.809826626e-05 514.4272
2.813367566e-05 514.427205
2.814707251e-05 514.42721
2.81384969e-05 514.4272149
2.810801997e-05 514.4272198
2.805574372e-05 514.4272246
2.798180078e-05 514.4272293
2.788635417e-05 514.427234
2.776959698e-05 514.4272385
2.763175197e-05 514.427243
2.747307125e-05 514.4272473
2.729383573e-05 514.4272515
2.709435469e-05 514.4272555
2.687496518e-05 514.4272594
2.663603148e-05 514.4272632
2.637794442e-05 514.4272667
2.610112077e-05 514.4272701
2.593853204e-05 514.4272189
2.575582233e-05 514.4272234
2.555345345e-05 514.4272278
2.533163246e-05 514.4272322
2.509063367e-05 514.4272364
2.483076257e-05 514.4272406
2.455235207e-05 514.4272446
2.425576151e-05 514.4272485
2.394137585e-05 514.4272523
2.360960512e-05 514.4272559
2.326088377e-05 514.4272594
2.289566996e-05 514.4272627
2.251444496e-05 514.4272658
2.211771114e-05 514.4272688
2.170599081e-05 514.4272716
2.127983017e-05 514.4272742
2.083977296e-05 514.4272766
2.03864001e-05 514.4272788
1.992032574e-05 514.4272808
1.944216517e-05 514.4272826
1.895254627e-05 514.4272842
1.845209399e-05 514.4272856
1.79414622e-05 514.4272867
1.742136826e-05 514.4272876
1.689251754e-05 514.4272883
1.639169824e-05 514.4272617
1.592786271e-05 514.4272645
1.545279407e-05 514.4272671
1.496680729e-05 514.4272695
1.447052914e-05 514.4272717
1.396461829e-05 514.4272737
1.344975881e-05 514.4272756
1.29266578e-05 514.4272772
1.239605207e-05 514.4272787
1.185869567e-05 514.4272799
1.131538453e-05 514.4272809
1.076697288e-05 514.4272818
1.021434398e-05 514.4272824
9.658437723e-06 514.4272828
9.10025009e-06 514.427283
8.540894556e-06 514.4272829
7.98161255e-06 514.4272827
7.423781074e-06 514.4272822
6.868997108e-06 514.4272816
6.319147414e-06 514.4272807
5.77652566e-06 514.4272796
5.244050572e-06 514.4272783
4.725545435e-06 514.4272768
4.226194927e-06 514.4272751
3.753257161e-06 514.4272732
3.317113524e-06 514.4272711
2.944724289e-06 514.4272771
2.644517221e-06 514.4272772
2.440093836e-06 514.4272772
2.356902256e-06 514.4272769
2.407303738e-06 514.4272764
2.582690837e-06 514.4272758
2.858922416e-06 514.4272749
3.208510454e-06 514.4272738
3.60842514e-06 514.4272726
4.041826882e-06 514.4272712
4.497008809e-06 514.4272695
4.965879291e-06 514.4272677
5.442751374e-06 514.4272657
5.923517488e-06 514.4272636
6.405115576e-06 514.4272612
6.885187768e-06 514.4272587
7.361860231e-06 514.4272561
7.833585939e-06 514.4272533
8.29907654e-06 514.4272503
8.757230371e-06 514.4272472
9.207085232e-06 514.427244
9.647790168e-06 514.4272407
1.007858068e-05 514.4272372
1.049876294e-05 514.4272337
1.090770257e-05 514.42723
1.131832514e-05 514.4272607
1.176272403e-05 514.4272586
1.219969785e-05 514.4272564
1.262757643e-05 514.427254
1.304577721e-05 514.4272515
1.345375243e-05 514.4272489
1.385097925e-05 514.4272461
1.423695812e-05 514.4272432
1.46112121e-05 514.4272401
1.497328662e-05 514.427237
1.532274932e-05 514.4272337
1.565919004e-05 514.4272303
1.59822209e-05 514.4272269
1.629147642e-05 514.4272234
1.658661367e-05 514.4272197
1.686731245e-05 514.4272161
1.713327549e-05 514.4272123
1.738422865e-05 514.4272086
1.761992106e-05 514.4272047
1.784012536e-05 514.4272009
1.804463783e-05 514.427197
1.823327851e-05 514.4271931
1.840589136e-05 514.4271932
1.856234419e-05 514.4271971
1.870252272e-05 514.427201
1.882634086e-05 514.4272049
1.899223508e-05 514.4272207
1.918152201e-05 514.4272173
1.935605718e-05 514.4272138
1.951551018e-05 514.4272103
1.965969411e-05 514.4272068
1.978845051e-05 514.4272032
1.990164413e-05 514.4271996
1.999916222e-05 514.4271959
2.008091447e-05 514.4271923
2.01468331e-05 514.4271938
2.019687285e-05 514.4271974
2.023101103e-05 514.4272011
2.024924752e-05 514.4272047
2.025160469e-05 514.4272083
2.023812739e-05 514.4272119
2.020888277e-05 514.4272154
2.016396016e-05 514.4272188
2.010347091e-05 514.4272222
2.002754814e-05 514.4272255
1.993634647e-05 514.4272287
1.98300418e-05 514.4272319
1.970883091e-05 514.4272349
1.957293117e-05 514.4272379
1.94225801e-05 514.4272407
1.925803498e-05 514.4272434
1.907957237e-05 514.427246
1.898449385e-05 514.4272079
1.887467151e-05 514.4272112
1.875041615e-05 514.4272145
1.861185086e-05 514.4272177
1.845914803e-05 514.4272209
1.829250299e-05 514.427224
1.811213131e-05 514.427227
1.791826807e-05 514.4272299
1.771116735e-05 514.4272327
1.749110182e-05 514.4272355
1.725836232e-05 514.4272381
1.701325738e-05 514.4272406
1.675611277e-05 514.427243
1.648727101e-05 514.4272453
1.620709086e-05 514.4272475
1.591594678e-05 514.4272495
1.561422839e-05 514.4272514
1.530233991e-05 514.4272532
1.498069958e-05 514.4272548
1.464973904e-05 514.4272563
1.43099028e-05 514.4272576
1.396164761e-05 514.4272587
1.36054242e-05 514.4272597
1.324168618e-05 514.4272606
1.287093963e-05 514.4272612
1.251980922e-05 514.4272402
1.219794504e-05 514.4272424
1.186736829e-05 514.4272444
1.152826957e-05 514.4272463
1.118107659e-05 514.427248
1.082623933e-05 514.4272496
1.046422467e-05 514.4272511
1.009551604e-05 514.4272525
9.720613803e-06 514.4272537
9.340036115e-06 514.4272547
8.954320176e-06 514.4272556
8.564024046e-06 514.4272564
8.169729224e-06 514.427257
7.772044181e-06 514.4272574
7.371593686e-06 514.4272577
6.96904954e-06 514.4272579
6.565153492e-06 514.4272578
6.160701064e-06 514.4272577
5.756566106e-06 514.4272573
5.353730936e-06 514.4272569
4.953323042e-06 514.4272562
4.556673236e-06 514.4272554
4.165403393e-06 514.4272545
3.781559657e-06 514.4272534
3.407818186e-06 514.4272522
3.04780544e-06 514.4272508
2.717781746e-06 514.4272534
2.413553342e-06 514.4272536
2.14317111e-06 514.4272537
1.921852894e-06 514.4272537
1.768634265e-06 514.4272535
1.702081971e-06 514.4272531
1.73183667e-06 514.4272527
1.852493746e-06 514.427252
2.046977076e-06 514.4272513
2.295322775e-06 514.4272504
2.580608315e-06 514.4272493
2.890400829e-06 514.4272481
3.216048155e-06 514.4272468
3.551575817e-06 514.4272454
3.892793363e-06 514.4272438
4.236682042e-06 514.4272421
4.580998153e-06 514.4272403
4.924019493e-06 514.4272384
5.26438233e-06 514.4272364
5.600975333e-06 514.4272342
5.932869609e-06 514.427232
6.259270133e-06 514.4272296
6.579483741e-06 514.4272272
6.89289937e-06 514.4272247
7.198969427e-06 514.4272221
7.505689984e-06 514.4272431
7.835334671e-06 514.4272417
8.160231507e-06 514.4272402
8.479204022e-06 514.4272386
8.791798017e-06 514.4272369
9.097586911e-06 514.4272351
9.39616442e-06 514.4272332
9.687142819e-06 514.4272311
9.970152038e-06 514.427229
1.024483912e-05 514.4272268
1.051086787e-05 514.4272245
1.076791864e-05 514.4272221
1.101568822e-05 514.4272197
1.125388982e-05 514.4272172
1.148225308e-05 514.4272146
1.170052417e-05 514.427212
1.190846581e-05 514.4272094
1.210585745e-05 514.4272066
1.229249534e-05 514.4272039
1.246819265e-05 514.4272011
1.26327796e-05 514.4271983
1.278610354e-05 514.4271955
1.292802906e-05 514.4271927
1.305843806e-05 514.4271925
1.31772298e-05 514.4271954
1.328432093e-05 514.4271982
1.34209534e-05 514.4272151
1.35740997e-05 514.4272127
1.371680383e-05 514.4272102
1.384880893e-05 514.4272077
1.39699597e-05 514.4272052
1.408012111e-05 514.4272026
1.417917468e-05 514.4272
1.426701807e-05 514.4271974
1.434356506e-05 514.4271947
1.44087456e-05 514.4271921
1.446250588e-05 514.427193
1.450480838e-05 514.4271956
1.453563189e-05 514.4271982
1.455497152e-05 514.4272008
1.456283865e-05 514.4272034
1.45592609e-05 514.427206
1.454428206e-05 514.4272085
1.451796196e-05 514.427211
1.448037638e-05 514.4272134
1.443161686e-05 514.4272158
1.437179055e-05 514.4272181
1.430101999e-05 514.4272204
1.421944287e-05 514.4272226
1.412721181e-05 514.4272247
1.402449407e-05 514.4272268
1.391147122e-05 514.4272287
1.385916038e-05 514.4272007
1.379607562e-05 514.4272031
1.372242368e-05 514.4272055
1.363827411e-05 514.4272079
1.354373254e-05 514.4272102
1.343892143e-05 514.4272125
1.332397814e-05 514.4272147
1.31990544e-05 514.4272169
1.306431601e-05 514.427219
1.291994251e-05 514.427221
1.276612692e-05 514.427223
1.260307546e-05 514.4272249
1.243100715e-05 514.4272267
1.225015357e-05 514.4272285
1.206075844e-05 514.4272301
1.186307727e-05 514.4272317
1.165737699e-05 514.4272331
1.144393551e-05 514.4272345
1.122304137e-05 514.4272358
1.099499325e-05 514.4272369
1.076009959e-05 514.427238
1.051867813e-05 514.4272389
1.027105547e-05 514.4272398
1.001756664e-05 514.4272405
9.758554629e-06 514.4272411
9.514010774e-06 514.4272248
9.291718594e-06 514.4272265
9.062726115e-06 514.427228
8.827145827e-06 514.4272294
8.585270066e-06 514.4272308
8.337407163e-06 514.4272321
8.083877169e-06 514.4272332
7.825011298e-06 514.4272343
7.561151911e-06 514.4272353
7.292652683e-06 514.4272361
7.019878973e-06 514.4272369
6.743208422e-06 514.4272375
6.463031806e-06 514.4272381
6.179754313e-06 514.4272385
5.893797326e-06 514.4272389
5.605600876e-06 514.4272391
5.315626929e-06 514.4272392
5.024364353e-06 514.4272392
4.73233556e-06 514.427239
4.440105938e-06 514.4272388
4.148296496e-06 514.4272385
3.85760204e-06 514.427238
3.568821341e-06 514.4272375
3.282895848e-06 514.4272368
3.000969765e-06 514.427236
2.724482306e-06 514.4272351
2.465353682e-06 514.4272356
2.216245059e-06 514.4272359
1.978141288e-06 514.4272361
1.756376033e-06 514.4272362
1.558650717e-06 514.4272362
1.395724208e-06 514.427236
1.281170922e-06 514.4272358
1.228500456e-06 514.4272354
1.245166178e-06 514.427235
1.327862876e-06 514.4272345
1.464550697e-06 514.4272338
1.640756681e-06 514.4272331
1.844061618e-06 514.4272322
2.065294941e-06 514.4272313
2.298067192e-06 514.4272302
2.537970224e-06 514.4272291
2.781918333e-06 514.4272279
3.027694383e-06 514.4272266
3.273655369e-06 514.4272252
3.518544171e-06 514.4272238
3.761368727e-06 514.4272222
4.001323441e-06 514.4272206
4.237737185e-06 514.4272189
4.470038303e-06 514.4272172
4.697730651e-06 514.4272154
4.925917912e-06 514.4272295
5.169352914e-06 514.4272286
5.409868742e-06 514.4272276
5.646628467e-06 514.4272265
5.879272008e-06 514.4272254
6.107462905e-06 514.4272241
6.330882393e-06 514.4272228
6.549227424e-06 514.4272214
6.762209464e-06 514.42722
6.969553668e-06 514.4272185
7.17099827e-06 514.4272169
7.366294218e-06 514.4272152
7.555204867e-06 514.4272135
7.737505832e-06 514.4272118
7.912984887e-06 514.42721
8.081441917e-06 514.4272081
8.242688929e-06 514.4272062
8.396550068e-06 514.4272043
8.542861669e-06 514.4272024
8.681472311e-06 514.4272004
8.812242893e-06 514.4271984
8.935046688e-06 514.4271964
9.049769404e-06 514.4271944
9.156309253e-06 514.4271923
9.254576991e-06 514.4271921
9.344495968e-06 514.4271942
9.45510587e-06 514.4272102
9.577327666e-06 514.4272085
9.692181165e-06 514.4272067
9.799468046e-06 514.427205
9.89906162e-06 514.4272031
9.990849605e-06 514.4272013
1.007473153e-05 514.4271995
1.015061848e-05 514.4271976
1.021843307e-05 514.4271957
1.027810952e-05 514.4271938
1.032959372e-05 514.4271919
1.037284331e-05 514.4271924
1.040782768e-05 514.4271943
1.043452803e-05 514.4271963
1.045293733e-05 514.4271982
1.046306034e-05 514.4272
1.046491358e-05 514.4272019
1.045852524e-05 514.4272037
1.044393514e-05 514.4272055
1.042119466e-05 514.4272073
1.039036657e-05 514.427209
1.035152497e-05 514.4272107
1.030475509e-05 514.4272124
1.025015318e-05 514.427214
1.018782628e-05 514.4272155
1.011789208e-05 514.427217
1.009205321e-05 514.4271963
1.005836198e-05 514.4271981
1.001695455e-05 514.4271998
9.967867033e-06 514.4272016
9.91116189e-06 514.4272033
9.846913897e-06 514.427205
9.775208774e-06 514.4272066
9.696142811e-06 514.4272082
9.609822661e-06 514.4272098
9.516365146e-06 514.4272113
9.415897062e-06 514.4272128
9.308554982e-06 514.4272143
9.194485039e-06 514.4272156
9.073842692e-06 514.427217
8.946792484e-06 514.4272182
8.813507798e-06 514.4272194
8.674170579e-06 514.4272206
8.528971052e-06 514.4272216
8.378107448e-06 514.4272226
8.221785684e-06 514.4272236
8.060219081e-06 514.4272244
7.893628023e-06 514.4272252
7.722239649e-06 514.4272259
7.546287528e-06 514.4272265
7.366011322e-06 514.427227
7.196515167e-06 514.4272144
7.043776381e-06 514.4272156
6.885920812e-06 514.4272168
6.723012213e-06 514.4272179
6.555250276e-06 514.4272189
6.382846396e-06 514.4272199
6.206020338e-06 514.4272209
6.024999714e-06 514.4272217
5.84001982e-06 514.4272225
5.651323595e-06 514.4272232
5.459161656e-06 514.4272238
5.263792434e-06 514.4272244
5.065482415e-06 514.4272249
4.864506531e-06 514.4272253
4.661148778e-06 514.4272256
4.455703076e-06 514.4272258
4.248474504e-06 514.427226
4.039780999e-06 514.4272261
3.829955762e-06 514.427226
3.619350557e-06 514.427226
3.408340327e-06 514.4272258
3.197329669e-06 514.4272256
2.986761995e-06 514.4272252
2.777132636e-06 514.4272248
2.569007875e-06 514.4272243
2.363052987e-06 514.4272238
2.168907059e-06 514.4272232
1.979176734e-06 514.4272235
1.792856516e-06 514.4272237
1.611808853e-06 514.4272238
1.438652716e-06 514.4272239
1.27714571e-06 514.4272239
1.132708537e-06 514.4272238
1.012936391e-06 514.4272236
9.274937416e-07 514.4272234
