4.41983858,4.64681362
2.498000949,1.623486018
1.795755702,0.831571422
1.357360599,0.4657118727
1.098894631,0.309025839
0.9251520627,0.2361434683
0.7921274108,0.1811618143
0.6942234381,0.1290614785
0.6186108021,0.1111134703
0.5576970362,0.08882317221
0.5072432285,0.07704963114
0.4656380043,0.06831669132
0.430394648,0.05205996972
0.400088107,0.04774307517
0.3734450144,0.03979270273
0.3501399787,0.03591469065
0.3296697404,0.03124940812
0.3115572857,0.02714151984
0.2953253451,0.02463631784
0.2807591724,0.02419815335
0.2673532128,0.02147504782
0.2552505636,0.02042507888
0.2442486683,0.01854145203
0.2341745561,0.01462435854
0.2248888502,0.01420764854
0.2163938861,0.01507758306
0.2084342849,0.01202924721
0.2010344602,0.01238490325
0.1941501356,0.01205157664
0.1876907797,0.01058733227
0.1816564858,0.01085013911
0.1760500447,0.009631901994
0.1707696932,0.008775010304
0.1657810784,0.008665154905
0.1610265805,0.007972163303
0.1565020261,0.006324352479
0.1522444032,0.007282006564
0.1482402841,0.007422069346
0.1444479103,0.006874410951
0.1408358318,0.007302643208
0.1373972935,0.006226951641
0.1341256577,0.005795822975
0.1310197691,0.006555265846
0.1280602084,0.005674598533
0.1252236686,0.006033864694
0.1225045642,0.005619313871
0.1198943879,0.005154046597
0.1173928939,0.005276513631
0.1149917064,0.004539374749
0.1126912671,0.004161001742
0.1104936206,0.003658966438
0.1083772846,0.003753096302
0.1063309876,0.003631963208
0.1043600687,0.003739570925
0.1024599921,0.003555331119
0.1006293427,0.003107243814
0.09886532429,0.003161352634
0.09715719594,0.002657492418
0.0955010783,0.002723573586
0.09390179469,0.003015807544
0.0923569093,0.003316652838
0.09086113442,0.003048915679
0.08941210699,0.002687411976
0.08801206856,0.002812498415
0.086657502,0.003010305883
0.08534327248,0.003089088925
0.08407180992,0.002986308889
0.08284541484,0.002695942228
0.08165752511,0.002683376112
0.08049950105,0.002576633749
0.07936771849,0.002585126379
0.07826333574,0.002225846684
0.07718821859,0.001860933621
0.07614570545,0.002222990819
0.07513261588,0.002291572009
0.07414886135,0.002327586152
0.0731896528,0.002071265377
0.07225270719,0.002126916766
0.07133821305,0.002263821144
0.07044681835,0.002083488334
0.06957757776,0.00220126695
0.06872844186,0.002227972325
0.06790041246,0.002060454309
0.06709309576,0.001695491169
0.06630396478,0.001498892534
0.06553174318,0.001561415221
0.06477546767,0.001541031239
0.0640360115,0.001435113027
0.06331343954,0.001462832445
0.06260742567,0.001451638192
0.06191802963,0.001513292514
0.06124415663,0.001589948059
0.06058324667,0.001603749596
0.0599347516,0.001696883281
0.0593021854,0.001640524893
0.05868578955,0.001522177333
0.05808391823,0.001498705093
0.05749468222,0.001563313878
0.05691682047,0.001432988331
0.05634892861,0.001203290539
0.05579198808,0.001243767894
0.05524653166,0.001334033046
0.05471229937,0.001221572341
0.05418790153,0.00120535457
0.05367266002,0.001227317998
0.0531661204,0.001176180175
0.05266808267,0.001101073498
0.05217878616,0.001194669181
0.0516993883,0.001287044044
0.05123053769,0.001217627166
0.05077078946,0.001197439212
0.05031862502,0.001315167317
0.04987333534,0.001275655804
0.04943552447,0.001132109321
0.04900548814,0.001208932243
0.04858306917,0.001281334322
0.04816762969,0.001156731104
0.04775878491,0.001004682535
0.04735641318,0.001031840546
0.04696008046,0.0009031788863
0.04657020982,0.0007285810051
0.04618698146,0.0007590119552
0.04581077526,0.0008902231648
0.04544184851,0.0009802408616
0.04507956082,0.001044680155
0.04472293556,0.001084004306
0.04437078536,0.001086359264
0.04402376282,0.001074312679
0.04368277419,0.001131668706
0.0433476728,0.001192119914
0.04301807702,0.001209231678
0.04269353519,0.001160333189
0.04237349607,0.001066752856
0.04205722897,0.000939252296
0.04174521966,0.0008128770058
0.04143807141,0.0007368010773
0.04113553204,0.000702522577
0.04083730693,0.0007797166319
0.04054324995,0.0008562145111
0.04025314441,0.0008925593255
0.03996725867,0.0009366166746
0.03968581473,0.0009466783867
0.03940888545,0.0009218880511
0.03913608436,0.0009193822884
0.0388668406,0.0009512191195
0.03860077053,0.0009593923666
0.03833787951,0.0009057598659
0.0380784771,0.000845294945
0.03782254361,0.0007850227205
0.03757006284,0.000668877218
0.03732086441,0.0006009586809
0.03707487388,0.0006534176782
0.0368320647,0.0007316457113
0.03659230155,0.0007686761237
0.03635559484,0.0007969374841
0.03612207402,0.0008833321125
0.03589192587,0.0009442211258
0.03566504392,0.0009754026807
0.03544126097,0.0009917360535
0.03522052514,0.0009993351149
0.03500244778,0.0009909368335
0.0347865265,0.0009218713433
0.03457290673,0.0007965716221
0.03436192475,0.0006521773928
0.03415381585,0.0005005538986
0.03394848187,0.0004512705106
0.03374546693,0.000491440741
0.03354447091,0.0005290606079
0.03334589,0.0006141915627
0.03314987397,0.0007327247485
0.03295642317,0.0007997339845
0.03276545186,0.0008511494966
0.03257668447,0.0008923062426
0.03238989648,0.000912769396
0.03220497188,0.0009089637828
0.032022045,0.000886381562
0.03184134498,0.0008230660443
0.0316627847,0.0007091095941
0.03148598856,0.000579336361
0.03131080919,0.0004561618519
0.03113724076,0.0003573890188
0.03096546358,0.0003337014601
0.03079574897,0.0003944954719
0.03062809427,0.0004981516151
0.0304624212,0.0006173611627
0.03029854064,0.0006979796006
0.03013626179,0.0007696076694
0.02997573739,0.000838983169
0.02981702394,0.0008713591983
0.02966016365,0.0008612485973
0.02950511714,0.0008319376402
0.02935169351,0.0007940744047
0.02919976546,0.0007282618782
0.02904935406,0.0006390516616
0.02890053591,0.0005523735434
0.02875331803,0.0004961134288
0.02860762249,0.0004804386228
0.02846335168,0.0005062020599
0.0283205153,0.0005627252154
0.0281790829,0.0006475779459
0.02803906497,0.0007178690602
0.02790050881,0.0007734253152
0.02776338651,0.0008159888644
0.02762759184,0.0008183122951
0.0274930516,0.0007949554418
0.02735976895,0.0007618530732
0.02722772418,0.0007066745167
0.02709685157,0.0006232333146
0.0269670108,0.0005354509318
0.02683821989,0.0004675830717
0.02671062989,0.000430823697
0.02658430921,0.0004324299744
0.02645925392,0.0004780461891
0.02633538134,0.000550308141
0.0262125802,0.0006350654107
0.0260907754,0.0007123124287
0.02597005357,0.0007748576191
0.02585052637,0.0008138552629
0.02573227932,0.0008281797152
0.02561528284,0.0008189879248
0.0254994184,0.0007843127472
0.02538462198,0.0007153002122
0.02527093406,0.0006263718346
0.02515839342,0.0005391870994
0.02504700573,0.0004633905636
0.0249366493,0.0004236640563
0.02482714029,0.0004366533059
0.02471841691,0.0004868709942
0.02461056455,0.000546369369
0.02450368812,0.000619275318
0.02439782257,0.0006863212331
0.02429291343,0.000745444773
0.02418889752,0.0007771261363
0.02408569058,0.0007873634231
0.0239832778,0.0007784259019
0.02388174558,0.0007417808102
0.02378108852,0.0006807600574
0.02368126508,0.0005932148531
0.02358216816,0.0004904500956
0.02348376898,0.0004027374311
0.02338608987,0.0003554489595
0.02328914112,0.0003490796644
0.02319293743,0.0003883899552
0.02309750098,0.0004569811252
0.02300286879,0.0005444333599
0.02290904205,0.0006301790877
0.0228160797,0.0007026362532
0.02272397341,0.000752205635
0.02263268818,0.0007759381255
0.02254220328,0.0007706528328
0.0224525039,0.0007372227116
0.02236360965,0.000674171117
0.02227548493,0.0005913113111
0.02218811331,0.0005041989449
0.0221014654,0.0004450838214
0.02201546264,0.0004217672968
0.02193007578,0.0004538846484
0.02184533727,0.0005133909255
0.02176125827,0.0005703541368
0.02167779288,0.0006215683769
0.02159484523,0.0006699804116
0.02151244376,0.0007040229579
0.02143065919,0.0007218612024
0.02134945025,0.0007210400587
0.02126878345,0.0006941433546
0.02118869911,0.0006428979445
0.02110917933,0.0005714973807
0.02103020592,0.0004897489924
0.02095179052,0.0004153356368
0.02087393776,0.0003771629872
0.02079665753,0.0003863234417
0.02071995275,0.0004369576585
0.02064381645,0.0004993221045
0.02056826411,0.000560823128
0.02049330959,0.0006192409089
0.02041891383,0.0006673837764
0.02034506884,0.0007018334439
0.02027178083,0.0007184215158
0.02019905179,0.0006954525787
0.02012683707,0.0006527418351
0.02005525711,0.0006057281107
0.01998433804,0.0005470725414
0.01991399496,0.0004966889364
0.01984413696,0.0004673502694
0.01977477628,0.0004668316794
0.01970596379,0.0004627681434
0.01963765429,0.0004651549769
0.01956978689,0.0004548570047
0.01950222733,0.0004713664907
0.01943494936,0.0005365930837
0.01936816996,0.0005835173054
0.01930188426,0.0005995447735
0.01923602587,0.0006076385719
0.01917049677,0.000616702347
0.01910533831,0.0006181180605
0.01904060879,0.0006045847958
0.0189763619,0.0005377472096
0.01891265392,0.0004438886297
0.01884945748,0.0003715738637
0.01878664276,0.0003499572579
0.01872415309,0.0003519211497
0.01866204211,0.0003697406296
0.01860038927,0.000383070207
0.01853920277,0.000419711892
0.01847836813,0.0004789081443
0.01841782328,0.0005199074002
0.01835760679,0.0005334508828
0.0182978471,0.0005526269667
0.01823858124,0.0005734089269
0.0181797843,0.0005793252992
0.01812143937,0.000571543905
0.01806347419,0.0005384902354
0.01800586888,0.0004947766061
0.0179487215,0.0004652596411
0.01789201547,0.0004431101285
0.0178356856,0.0004291909238
0.01777964143,0.0004306063727
0.01772383165,0.0004441105444
0.01766829586,0.0004758991626
0.01761310947,0.0005119819144
0.01755829003,0.0005255104766
0.01750381163,0.0005187020234
0.01744959916,0.0005248741705
0.01739563899,0.0005364655303
0.01734196118,0.0005351985174
0.0172886162,0.0005094720942
0.01723562505,0.0004630185929
0.01718298695,0.0004189046023
0.01713069818,0.0003992039296
0.01707872333,0.0003874234395
0.0170270872,0.0003817596373
0.01697583537,0.0003846736809
0.01692492991,0.0004043711666
0.01687430251,0.0004615455558
0.01682390102,0.0005137441356
0.01677372242,0.0005333053667
0.01672379136,0.0005326067738
0.01667414486,0.0005239504134
0.01662483104,0.0005174943718
0.01657586398,0.0005113383861
0.0165272286,0.0004879354143
0.0164789237,0.0004439757104
0.01643094625,0.0004070834766
0.01638329371,0.0003910876679
0.01633595994,0.0003885127799
0.01628890571,0.0003958764356
0.01624208313,0.0004129535829
0.01619547966,0.0004480821795
0.01614910306,0.0004949440378
0.01610300316,0.0005331273593
0.01605718399,0.0005491125276
0.01601161275,0.0005475695322
0.01596627019,0.000535511851
0.01592116178,0.0005187338682
0.01587629274,0.0004893505903
0.01583166586,0.0004433288251
0.01578728619,0.0003941954581
0.01574315418,0.0003513526031
0.01569926172,0.0003229517082
0.01565562104,0.0003145636006
0.01561226082,0.0003240718145
0.01556918637,0.0003516455288
0.01552637079,0.0004036387901
0.01548377782,0.000457210887
0.01544138567,0.0004966216001
0.01539919185,0.0005169075684
0.01535720137,0.0005183467285
0.01531542442,0.0005103807319
0.01527385009,0.0004954616028
0.01523247382,0.0004715789145
0.01519131794,0.000438963567
0.01515041164,0.0004140420344
0.01510977587,0.0004083299659
0.01506941066,0.0004121560334
0.01502930412,0.0004153729983
0.01498943997,0.0004199084623
0.01494980436,0.000434441269
0.01491039227,0.0004686120039
0.01487119589,0.0004987544403
0.01483220058,0.0005138597819
0.01479337076,0.000511866507
0.01475468411,0.0004987342931
0.01471614884,0.0004803546344
0.014677781,0.000455496952
0.01463959345,0.0004180422627
0.01460159585,0.0003762702961
0.01456378874,0.0003477846356
0.01452616846,0.0003493227354
0.01448873822,0.0003695015372
0.01445151136,0.0003905599194
0.01441450027,0.0004109403197
0.0143777042,0.000434044422
0.01434110397,0.0004626703717
0.01430467989,0.0004876814085
0.01426842521,0.0005014310133
0.01423234512,0.00049814198
0.01419644064,0.0004777421829
0.01416070609,0.0004489117558
0.01412512356,0.0004066157499
0.01408972045,0.0003685891886
0.01405453151,0.000338620444
0.01401956534,0.000335384079
0.01398477858,0.0003718461662
0.01395017235,0.0004068925704
0.01391576711,0.0004283829413
0.01388158693,0.0004347628195
0.01384760203,0.000449578996
0.01381377274,0.0004675652254
0.01378013416,0.000494021815
0.01374671515,0.0004924407414
0.01371342304,0.0004799364605
0.01368019385,0.0004554968583
0.01364708822,0.0004356583869
0.01361411775,0.0004228407858
0.01358126827,0.00038610446
0.0135485687,0.0003393867044
0.01351602261,0.0003049374308
0.01348362636,0.0002950403899
0.01345138309,0.0003034513518
0.01341928818,0.0003132376171
0.0133873657,0.0003306831135
0.01335562474,0.0003661309312
0.01332402844,0.0004044963524
0.01329255586,0.0004300300303
0.01326121079,0.000437452923
0.01323001373,0.0004399980534
0.01319898925,0.0004416939715
0.01316815082,0.0004342700223
0.01313746988,0.0004093740031
0.01310691038,0.0003740808832
0.01307649582,0.0003449926967
0.01304625335,0.0003411462086
0.01301618142,0.0003513869611
0.01298625747,0.0003640971428
0.0129564616,0.0003744576116
0.01292678958,0.0003923930572
0.01289725537,0.0004234830858
0.01286788439,0.0004517721729
0.0128386949,0.0004663252319
0.01280966356,0.0004617223043
0.01278074521,0.0004457015403
0.01275191368,0.0004304026869
0.01272317446,0.0004151921009
0.01269452685,0.0003829606976
0.01266595654,0.0003368199772
0.01263746561,0.000297637417
0.01260906541,0.0002871577666
0.01258077079,0.000298121345
0.0125526165,0.0003164849052
0.01252462457,0.000341727762
0.01249678872,0.0003726613791
0.01246908973,0.0004101267128
0.01244150643,0.0004401768747
0.01241405057,0.0004528525123
0.01238672554,0.0004456727662
0.01235953352,0.0004292034585
0.01233248037,0.0004031005146
0.01230555502,0.0003712799094
0.0122787526,0.0003287918423
0.01225208043,0.0002793133149
0.01222553182,0.0002439147401
0.0121991161,0.0002449477306
0.01217282621,0.0002779914472
0.01214664244,0.000322686985
0.01212055071,0.0003735790109
0.01209455612,0.0004220571138
0.01206867788,0.0004659833844
0.01204292651,0.0004919801265
0.01201729812,0.0004988611016
0.01199177807,0.0004877515868
0.0119663575,0.0004655817299
0.0119410338,0.0004349337257
0.01191580608,0.0003936163751
0.01189067077,0.0003352314497
0.01186562175,0.0002718316587
0.0118406525,0.0002236856479
0.01181576073,0.0002096092665
0.01179096188,0.0002254338523
0.01176628012,0.0002532813467
0.01174172197,0.0002934617193
0.01171728013,0.0003487642702
0.01169295116,0.0004002556818
0.01166873555,0.0004329531959
0.01164464185,0.0004439623652
0.0116206766,0.0004368274254
0.01159683763,0.0004201713797
0.01157309662,0.000397711965
0.01154943836,0.0003630976937
0.01152586704,0.0003163615685
0.0115023903,0.0002703347725
0.01147901243,0.000248645145
0.01145572513,0.0002586185977
0.01143251805,0.0002847024854
0.01140939218,0.000316540474
0.01138634918,0.0003566397446
0.01136339576,0.0003999316605
0.01134054137,0.0004350237459
0.01131777994,0.0004542512643
0.01129509924,0.00045591458
0.01127249691,0.0004439275486
0.01124997745,0.0004233386959
0.01122754902,0.0003956326167
0.01120521219,0.0003596261946
0.01118295962,0.0003170058164
0.01116078231,0.0002779979186
0.01113867943,0.0002568721107
0.01111666254,0.0002593959397
0.01109473968,0.0002764814878
0.01107291017,0.0003020878642
0.01105116745,0.0003343688384
0.01102951031,0.0003708369094
0.01100793803,0.0004013527546
0.01098645584,0.0004193716242
0.0109650707,0.0004221475699
0.01094378702,0.0004087486608
0.01092260502,0.0003823479589
0.0109015192,0.0003455115939
0.0108805249,0.0003001143752
0.01085961756,0.000251027858
0.01083879041,0.00021423751
0.01081802858,0.0002035276394
0.01079732796,0.0002255407137
0.01077668929,0.0002653359918
0.01075610835,0.0003107534039
0.0107355784,0.000360239436
0.01071512531,0.0004108518182
0.01069476691,0.0004504840651
0.01067450172,0.0004726287341
0.01065431354,0.0004764964148
0.01063419851,0.0004644795071
0.01061415972,0.0004415044142
0.01059419806,0.000403072973
0.01057431456,0.0003486629022
0.01055450687,0.0002874288483
0.01053476794,0.0002294201874
0.01051510068,0.0001935732385
0.01049551087,0.0001837932646
0.01047600715,0.000201005607
0.01045659238,0.0002411690093
0.01043725051,0.0002935051508
0.01041796754,0.0003458109166
0.01039874383,0.0003901527287
0.01037958771,0.0004179372816
0.01036050894,0.0004276542184
0.01034151452,0.0004213331762
0.01032259968,0.0004025805442
0.03041379215,0.01910054366
0.01674286492,0.01094251589
0.01176513541,0.008989402516
0.007964874965,0.007876249617
0.005995531954,0.006035554864
0.005210347324,0.006440992678
0.004523155335,0.005189578546
0.004226605617,0.005015735872
0.00400073015,0.004967062955
0.003506546681,0.004065384418
0.002993688237,0.004203986141
0.002654918255,0.003577883469
0.002515012537,0.003436243942
0.002409098542,0.00357254336
0.002202709483,0.002697094231
0.002015206534,0.002796366885
0.001893030117,0.003156633685
0.001790334866,0.00246328812
0.001693756351,0.002580036926
0.00159057198,0.002788741153
0.001466820115,0.002216517807
0.001350807825,0.002194404421
0.001271043241,0.002093295774
0.001230578389,0.002238532353
0.001179206458,0.001917437865
0.001085486351,0.00191981253
0.001001340224,0.002186604904
0.0009611860806,0.001811929526
0.0009668905364,0.001684098
0.0009746206086,0.001741963771
0.0009559205737,0.001843640424
0.0009160951211,0.001506539102
0.0008725225754,0.001794012018
0.0008458423664,0.00179393481
0.0008484677098,0.001550191955
0.0008593892041,0.001441775237
0.0008446999982,0.00143718996
0.0008079358936,0.001415395215
0.0007766019305,0.001213834251
0.0007647910938,0.001406344401
0.0007648779765,0.001496536847
0.0007679172488,0.001229847218
0.0007645160894,0.001239977348
0.0007521834155,0.001264411556
0.000733699133,0.001095195854
0.0007160001427,0.001268664066
0.0007018937567,0.001382893015
0.0006910299948,0.001273071408
0.0006789296118,0.001286911238
0.0006597072855,0.001269073745
0.0006335761778,0.0009955090581
0.0006059674864,0.0009758071658
0.0005799420767,0.0009138192574
0.0005612751395,0.0009298874423
0.0005503327598,0.0009179783724
0.0005403679948,0.0009117089476
0.0005282397637,0.001023909574
0.0005155487033,0.0009590285756
0.0005036441612,0.0009494038739
0.0004929415229,0.001079003673
0.0004848842089,0.001017194678
0.0004794966053,0.0009656653731
0.0004733321348,0.001081003441
0.0004640461177,0.001056479897
0.0004542846488,0.0008234234909
0.0004480448881,0.0007677140505
0.0004456288838,0.0007762586344
0.00044527416,0.0007181721843
0.0004456406972,0.0007454916149
0.0004456248669,0.0008639493572
0.0004447150326,0.0009305020628
0.0004424133644,0.0008622803036
0.0004388424793,0.0008840312528
0.0004346380745,0.0009035997656
0.0004315272439,0.0008001172278
0.0004303271315,0.0008405482646
0.0004291887245,0.0009743348042
0.000424958845,0.0009597803066
0.0004162273813,0.0008582279918
0.0004051987071,0.0008596627459
0.0003957346928,0.0007911376689
0.0003895490451,0.0006766547398
0.0003850737759,0.0006715753777
0.0003793593512,0.0007078335115
0.000370953945,0.0007522295313
0.0003608793702,0.0007634444422
0.0003522670132,0.0007603310974
0.0003470531844,0.0007334526207
0.0003443614486,0.0006890529878
0.0003417831144,0.0007560813278
0.0003376095564,0.0008354219981
0.000331793257,0.0008296594095
0.0003262345875,0.0008241837052
0.0003225668455,0.0007981063086
0.0003208787122,0.00069135574
0.0003200757297,0.0006304752723
0.0003189860837,0.000633525468
0.0003174379376,0.0006522529361
0.0003163726974,0.0007208605764
0.0003163282133,0.0007781408679
0.0003169542017,0.0007308924483
0.0003178859694,0.0006539812974
0.0003186414164,0.0006381645848
0.0003187494697,0.0006360669448
0.000317853838,0.0006513654854
0.0003162832058,0.0007111473319
0.0003145394741,0.0007744468334
0.0003124877407,0.0007969334147
0.0003099180585,0.0007914218609
0.0003061655917,0.0007694572023
0.0003009222039,0.0007235190384
0.0002944161402,0.00066122278
0.0002875353072,0.0006488491677
0.0002807152715,0.0006426347148
0.0002740506358,0.0005776326053
0.0002674554997,0.0005139293467
0.0002608679832,0.0004987939085
0.0002544516647,0.0004758382857
0.0002488955825,0.0004831264788
0.0002446594482,0.0006125588818
0.0002416065526,0.000722081739
0.0002392637145,0.0007808662025
0.0002371451586,0.0008044703989
0.0002348078482,0.0007751597139
0.0002321637756,0.0006692890836
0.0002295494467,0.0005837426955
0.0002275801964,0.0005567890299
0.0002268137211,0.0005389892566
0.000227316681,0.000544414834
0.0002283924816,0.0005769743421
0.0002289852665,0.0005549258603
0.0002287713252,0.0004908468829
0.0002283658938,0.0004635863026
0.0002285752196,0.0005212520871
0.0002295774872,0.0006228668212
0.0002307487073,0.0007155947159
0.0002310361815,0.0007824209193
0.000229674113,0.0007949971504
0.0002267249364,0.0007591176769
0.0002229568601,0.0006995425316
0.0002190918281,0.0006355431237
0.0002154163906,0.0005744344061
0.0002116938359,0.0005469232246
0.0002076690142,0.000525797418
0.0002034966445,0.0004698078831
0.0001997316558,0.0004154015753
0.0001968312415,0.0004021441254
0.0001948176832,0.0004471826254
0.0001933393669,0.0005513098207
0.0001919925928,0.0006656957247
0.0001904754722,0.0007403570847
0.0001887742132,0.0007647677291
0.0001871046391,0.000740702143
0.0001857574706,0.0006597000676
0.0001850207937,0.0005524340102
0.0001849679232,0.000478796914
0.000185343592,0.0004553829956
0.0001858807963,0.0004600053987
0.0001865146002,0.0004869285654
0.0001874492525,0.0005203707568
0.0001887738049,0.0005354528044
0.0001903532649,0.0005330231793
0.0001918939963,0.0005405855678
0.000193089358,0.0005686571217
0.0001938292822,0.0006091730397
0.0001940987513,0.0006557481272
0.0001938805331,0.0006839570308
0.0001931365256,0.0006687117711
0.0001918623906,0.0006311652113
0.0001900321243,0.0005995208277
0.0001876230949,0.0005626650499
0.0001847657505,0.000538307706
0.0001817358115,0.0005428366476
0.0001786442519,0.0005445013684
0.0001755262899,0.0005256347818
0.0001724579517,0.0004905018936
0.0001695306685,0.0004590000828
0.0001667604242,0.0004520565902
0.0001641424587,0.0005063513895
0.0001617717269,0.0005758448399
0.0001598219638,0.0006195465526
0.0001583561792,0.0006211344835
0.0001572539165,0.0005937207403
0.0001562773223,0.0005433363784
0.0001553540745,0.0004890058445
0.0001546989546,0.0004701629601
0.0001545789424,0.0005085999213
0.0001550172276,0.0005540197327
0.0001557706737,0.0005687409316
0.0001564796791,0.0005490130635
0.0001569172514,0.0005041161615
0.0001571162659,0.0004595526843
0.0001572643521,0.0004483524142
0.0001575036938,0.0004745885009
0.0001577781897,0.0005104459816
0.0001579166412,0.000542198646
0.0001577739544,0.0005623440248
0.0001573552611,0.0005682607928
0.0001567672124,0.0005700496704
0.000156066324,0.000579487725
0.0001551842773,0.0005974705047
0.0001540106461,0.0006048699022
0.0001524817576,0.0005854021316
0.0001506421527,0.0005391634357
0.0001486089205,0.0004711036211
0.0001466385716,0.000392423009
0.0001449598432,0.0003387998472
0.0001437198112,0.0003431085271
0.0001429136474,0.000413680547
0.0001423852356,0.0005009625188
0.0001419023863,0.000559106477
0.0001412796435,0.0005770836545
0.000140474735,0.0005716053787
0.0001397735141,0.0005606823583
0.0001393969481,0.0005445185802
0.0001393573223,0.0005360895692
0.0001395101427,0.0005257596047
0.0001397418205,0.0004993290283
0.0001400782443,0.0004580627048
0.0001404484699,0.0004266784292
0.0001410670102,0.0003802354517
0.0001418865115,0.0003567201735
0.0001427004849,0.0003847983864
0.0001433229127,0.0004481710293
0.000143832278,0.0005236369812
0.0001442033683,0.000573394005
0.0001444944818,0.0005910781804
0.0001446900456,0.0005864161195
0.0001446106361,0.0005673239905
0.0001441348073,0.0005503459736
0.0001432607422,0.0005425908799
0.0001420552829,0.0005379997764
0.000140650511,0.0005207933223
0.0001391447787,0.0004722832619
0.0001374964088,0.0004012733535
0.0001357103074,0.0003415843855
0.0001339038246,0.0003364200009
0.000132208053,0.0003874653067
0.0001306047852,0.0004598466264
0.0001291010026,0.0005203570424
0.0001277414829,0.0005455179149
0.0001265009645,0.000533043894
0.0001253015958,0.0005028351587
0.0001241250809,0.0004740877055
0.0001230148552,0.0004537277079
0.0001220179554,0.0004481962659
0.0001211983167,0.0004406575725
0.0001206370492,0.000426743544
0.0001203320608,0.0004126396332
0.0001202221719,0.0004047689893
0.0001202661158,0.0004114126886
0.0001204403065,0.0004348405669
0.0001206726518,0.000464807965
0.0001208983277,0.0004890468682
0.0001210532811,0.0005027337023
0.0001210709192,0.0004940670845
0.0001209277729,0.0004644050282
0.0001206728003,0.0004326681044
0.0001203488328,0.0004296272489
0.0001199280261,0.0004565731775
0.0001193619037,0.0004885701207
0.0001186898657,0.0005077856353
0.0001179340826,0.0005102914236
0.0001170605536,0.0004957276897
0.000116013123,0.0004701798235
0.0001148054852,0.0004436882143
0.0001135281144,0.000427716017
0.0001122610056,0.0004235261416
0.0001110144475,0.0004285330236
0.0001097903202,0.000433473203
0.0001085797573,0.000429330841
0.0001074476342,0.0004142529227
0.0001065269315,0.0003949513909
0.000105927334,0.0003839196209
0.0001056218098,0.0003974445754
0.0001054832199,0.0004350769669
0.000105400011,0.0004697482435
0.0001053456794,0.0004825373163
0.0001053729356,0.0004746062431
0.0001055180029,0.0004521721727
0.000105788676,0.0004281986125
0.0001061715923,0.0004145094146
0.0001066256123,0.0004129995929
0.000107118666,0.0004158642825
0.0001076381261,0.0004111696387
0.0001081605913,0.0003932897424
0.0001086588319,0.000376650568
0.0001090858437,0.0003793044829
0.0001094065781,0.0004180809522
0.000109537613,0.0004796501417
0.0001093936837,0.0005317263375
0.0001089012332,0.0005550306037
0.0001080764218,0.0005478712566
0.0001070226504,0.0005155116723
0.0001058486105,0.0004644916493
0.0001046282167,0.0004135007541
0.0001033869767,0.0003771814986
0.0001021236655,0.0003682608397
0.0001008483599,0.0003804675921
9.957480444e-05,0.0003958655191
9.833758573e-05,0.0004062033982
9.718153225e-05,0.0004084687743
9.615487439e-05,0.0004116719446
9.53074057e-05,0.0004246373078
9.466667519e-05,0.000442932982
9.421641217e-05,0.0004560539677
9.390177731e-05,0.0004524304666
9.370246567e-05,0.0004338609789
9.36022558e-05,0.0004059237005
9.360573828e-05,0.0003814062156
9.370328666e-05,0.0003745059399
9.388075974e-05,0.0003840922863
9.410642333e-05,0.0004052140727
9.43500665e-05,0.0004273045677
9.460147712e-05,0.0004393641295
9.482638163e-05,0.0004356757015
9.498206643e-05,0.0004235608433
9.504984267e-05,0.0004168328383
9.502553506e-05,0.0004258839133
9.490213278e-05,0.0004468934372
9.465988475e-05,0.0004624176978
9.428770937e-05,0.0004649620283
9.376776482e-05,0.0004520752734
9.311851252e-05,0.000430000229
9.240248754e-05,0.0004114927017
9.169987757e-05,0.0004031609038
9.106114936e-05,0.0004132636931
9.048483902e-05,0.0004367474548
8.991216305e-05,0.000455510367
8.9324295e-05,0.0004538322625
8.873369941e-05,0.0004314611532
8.809088041e-05,0.0003769602991
8.733472657e-05,0.0003444181458
8.664991305e-05,0.0003440272933
8.61911978e-05,0.0003705660756
8.594697203e-05,0.0004056066073
8.591587478e-05,0.000422971621
8.611408986e-05,0.0004115819157
8.655023354e-05,0.0003704054893
8.724100851e-05,0.0003281022792
8.811146035e-05,0.0003222164158
8.879631858e-05,0.0003856756366
8.927636919e-05,0.0004332364825
8.956199246e-05,0.0004141174605
8.967256507e-05,0.0003731245485
8.966210246e-05,0.000327491723
8.967123749e-05,0.0003324112002
8.971383498e-05,0.0003561275283
8.981167916e-05,0.0003634852548
8.996729999e-05,0.0003663022912
9.016034323e-05,0.0003657303904
9.02720608e-05,0.0003870423131
9.017017361e-05,0.0004165570378
8.979733854e-05,0.0004302634545
8.924937538e-05,0.0004326464932
8.866384337e-05,0.0004282460793
8.798498427e-05,0.0004266231439
8.712332429e-05,0.0004112716805
8.614811918e-05,0.0003746749368
8.526189453e-05,0.0003304182051
8.462145305e-05,0.0002854515371
8.419504872e-05,0.000246787057
8.388756399e-05,0.000250968039
8.359168515e-05,0.0002854525654
8.327736268e-05,0.0003392826569
8.296848916e-05,0.0003807579264
8.26802039e-05,0.0003874076277
8.240297174e-05,0.0003775455017
8.21335687e-05,0.0003705607224
8.189731407e-05,0.000375964626
8.173721393e-05,0.0003862923131
8.168212919e-05,0.0003845570779
8.173236258e-05,0.0003544366196
8.180118871e-05,0.0003068400092
8.181683705e-05,0.000272425418
8.178524875e-05,0.0002685900727
8.176866965e-05,0.0002858704891
8.177175103e-05,0.0002957172166
8.174218008e-05,0.0003082996462
8.164261398e-05,0.0003453234142
8.148413473e-05,0.0003955533443
8.128958218e-05,0.0004200815775
8.106460545e-05,0.0004083261473
8.080596459e-05,0.0003819636781
8.052289793e-05,0.0003682551983
8.023054984e-05,0.000381078544
7.988519755e-05,0.0003924998733
7.944536088e-05,0.0003659452059
7.889424854e-05,0.0003033263383
7.827874888e-05,0.0002431620649
7.767865734e-05,0.000246212023
7.716658619e-05,0.0002891624538
7.677881501e-05,0.0003243152366
7.649954577e-05,0.0003388065545
7.629784813e-05,0.000345404243
7.613560188e-05,0.0003476725045
7.597775606e-05,0.0003480908326
7.579559834e-05,0.0003365663039
7.557536767e-05,0.0003173390762
7.53322497e-05,0.0003048408525
7.510775959e-05,0.0003092990501
7.495631956e-05,0.000319856656
7.489980604e-05,0.0003281267176
7.492125091e-05,0.0003264397963
7.499222004e-05,0.0003170866544
7.510859575e-05,0.0003099561191
7.528381102e-05,0.0003105109759
7.550895257e-05,0.0003239464947
7.572982278e-05,0.0003376916325
7.586809258e-05,0.0003422447076
7.587841973e-05,0.0003331209846
7.576831226e-05,0.0003182241564
7.558011066e-05,0.0003140080109
7.536317941e-05,0.0003356081655
7.513363683e-05,0.0003685952068
7.487460971e-05,0.0003889159168
7.456788114e-05,0.0003876638747
7.421017008e-05,0.0003744118268
7.379326646e-05,0.0003579074288
7.32870411e-05,0.0003415322369
7.265692569e-05,0.0003200081266
7.190675807e-05,0.0002897367977
7.109545029e-05,0.0002608297632
7.030823118e-05,0.0002536299249
6.961292958e-05,0.0002652656755
6.904434558e-05,0.0002715221636
6.861216566e-05,0.0002606582098
6.831197905e-05,0.0002541483179
6.812422021e-05,0.0002791837913
6.800394969e-05,0.0003328795935
6.788848025e-05,0.0003783456752
6.773046899e-05,0.0003920464462
6.752421231e-05,0.0003749142547
6.730122725e-05,0.0003463251017
6.710649539e-05,0.0003232502327
6.697798785e-05,0.0003059020816
6.693762815e-05,0.0002810559556
6.698943953e-05,0.0002491667177
6.71203486e-05,0.0002282042176
6.729747756e-05,0.000239938708
6.747072242e-05,0.0002691005232
6.758779098e-05,0.0003001567586
6.761471087e-05,0.0003329571435
6.754350861e-05,0.0003685474313
6.738246747e-05,0.0004018187339
6.715156756e-05,0.0004222025057
6.686894937e-05,0.000421399473
6.65604492e-05,0.0003965113795
6.624235519e-05,0.0003526774443
6.591551694e-05,0.0002977113441
6.557497661e-05,0.0002452452706
6.521517575e-05,0.0002127871629
6.48431596e-05,0.0002054375633
6.447983187e-05,0.0002157363537
6.415451916e-05,0.0002305903155
6.388779306e-05,0.0002485988159
6.368346543e-05,0.0002769397411
6.354330748e-05,0.00031181769
6.34779901e-05,0.0003416587651
6.348621384e-05,0.0003577967685
6.355480735e-05,0.0003588267411
6.366198435e-05,0.0003473454577
6.378276249e-05,0.0003253877539
6.390326377e-05,0.0002964616469
6.402275236e-05,0.0002631171655
6.415235695e-05,0.000233188436
6.429525857e-05,0.0002224562045
6.445475507e-05,0.0002379418251
6.46334926e-05,0.0002672875569
6.483475527e-05,0.0002889608377
6.505539526e-05,0.0002991593748
6.527748314e-05,0.0003077502938
6.546834046e-05,0.0003263843186
6.558065651e-05,0.0003536033836
6.55722138e-05,0.0003748350217
6.542985319e-05,0.0003746295109
6.516480367e-05,0.000355650911
6.480640998e-05,0.0003290819722
6.439433286e-05,0.0003049018237
6.396318625e-05,0.000289268232
6.35418683e-05,0.0002756633533
6.313659554e-05,0.0002659304572
6.275257926e-05,0.0002621590283
6.238564477e-05,0.0002630618569
6.203372626e-05,0.0002644008574
6.169758863e-05,0.0002597695044
6.138030215e-05,0.0002507158817
6.109251826e-05,0.0002484219666
6.084366455e-05,0.0002588389907
6.064618776e-05,0.0002770793258
6.050635096e-05,0.0002934282383
6.043108283e-05,0.0002996134569
6.042253828e-05,0.0002998598041
6.047002977e-05,0.0003000501603
6.054985576e-05,0.0003034348067
6.062981175e-05,0.0003078615139
6.068220994e-05,0.000308538944
6.069352246e-05,0.0002977692767
6.066443151e-05,0.0002749160513
6.061397922e-05,0.0002454965447
6.05706778e-05,0.0002242887396
6.055842949e-05,0.0002230638757
6.05857018e-05,0.0002435990768
6.064336391e-05,0.000276424972
6.071494374e-05,0.0003113407107
6.077610427e-05,0.0003400125504
6.080152601e-05,0.0003581830777
6.076591213e-05,0.0003639765597
6.06523087e-05,0.0003562371303
6.046085469e-05,0.0003358472934
6.020910546e-05,0.0003078719335
5.992679269e-05,0.0002794767826
5.964255868e-05,0.0002537788862
5.938726235e-05,0.0002206858841
5.918275524e-05,0.0001795075006
5.903835629e-05,0.0001421567318
5.895332659e-05,0.0001497014311
5.89110341e-05,0.0001992190493
5.887999864e-05,0.0002514097429
5.883298066e-05,0.000288944375
5.876229327e-05,0.0003102302933
5.867147838e-05,0.0003234636497
5.857480879e-05,0.0003327827523
5.849068711e-05,0.0003358969131
5.843643384e-05,0.0003256343746
5.841929377e-05,0.0003011889477
5.843263206e-05,0.0002674678087
5.846825111e-05,0.0002329122836
5.851259462e-05,0.0002018350379
5.855392404e-05,0.000181206527
5.859112111e-05,0.0001830162008
5.863429285e-05,0.0002146783566
5.869005637e-05,0.0002684882994
5.875141433e-05,0.000322143586
5.880130816e-05,0.0003613487173
5.882291832e-05,0.0003801623067
5.88005933e-05,0.0003797342403
5.871674536e-05,0.0003656224612
5.856386263e-05,0.0003436678258
5.833971904e-05,0.0003152763476
5.804850722e-05,0.0002838695114
5.770069416e-05,0.0002500195744
5.731469771e-05,0.0002161614504
5.691043966e-05,0.0001922092649
5.650736307e-05,0.0001860998713
5.612231085e-05,0.0001988134984
0.0001363648775,6.699662952e-05
0.0001069070333,5.071723719e-05
9.358807199e-05,4.994070314e-05
8.381793946e-05,4.704078659e-05
7.464353604e-05,4.740119723e-05
6.764063576e-05,4.142336383e-05
6.327357764e-05,3.354670608e-05
6.126009471e-05,3.702702675e-05
6.063491333e-05,3.765281421e-05
6.071981337e-05,3.618755239e-05
6.092716364e-05,3.990663564e-05
6.064756712e-05,3.44901831e-05
6.027280386e-05,3.390379725e-05
5.956506165e-05,3.396080454e-05
5.826039054e-05,4.35547398e-05
5.609834502e-05,4.056236433e-05
5.365726918e-05,3.517768214e-05
5.142866493e-05,3.51657839e-05
4.931073244e-05,3.716028306e-05
4.710314056e-05,3.866536024e-05
4.483454204e-05,3.847332319e-05
4.272179758e-05,3.176079039e-05
4.095806574e-05,3.327435023e-05
3.933666329e-05,3.436426694e-05
3.776225172e-05,3.212744123e-05
3.626643543e-05,3.369360399e-05
3.47900603e-05,3.185940928e-05
3.338121393e-05,3.22551811e-05
3.206380446e-05,3.590148039e-05
3.086263072e-05,3.688362054e-05
2.982203213e-05,3.632362171e-05
2.890286948e-05,3.526019095e-05
2.804504201e-05,3.259722528e-05
2.720807082e-05,3.43406157e-05
2.631694326e-05,3.204359092e-05
2.540436102e-05,2.86277272e-05
2.456450637e-05,2.576265254e-05
2.387506654e-05,2.796062038e-05
2.329487155e-05,3.057651295e-05
2.2755762e-05,2.903222484e-05
2.229010904e-05,2.691796238e-05
2.194067844e-05,2.852408747e-05
2.165583378e-05,3.140705527e-05
2.130501649e-05,3.45343774e-05
2.079063667e-05,3.18258594e-05
2.018151204e-05,2.80887102e-05
1.957907866e-05,3.015026752e-05
1.898129682e-05,3.108612623e-05
1.834292858e-05,3.251018448e-05
1.760334445e-05,3.232707585e-05
1.676010484e-05,2.894720029e-05
1.588528843e-05,2.795389854e-05
1.500935986e-05,2.947930387e-05
1.409986491e-05,3.152372169e-05
1.31141426e-05,3.139390202e-05
1.206437759e-05,2.542216536e-05
1.106609078e-05,2.272243176e-05
1.02026207e-05,2.759077408e-05
9.455980736e-06,3.064570406e-05
8.797114153e-06,2.991948547e-05
8.230396623e-06,2.761296562e-05
7.782802864e-06,2.603217602e-05
7.476611277e-06,2.683565212e-05
7.29306145e-06,2.800451609e-05
7.180292875e-06,2.686503203e-05
7.107817465e-06,2.408884972e-05
7.11425117e-06,2.234511342e-05
7.248471545e-06,2.325859699e-05
7.489932215e-06,2.503518886e-05
7.773225081e-06,2.56890261e-05
8.049437312e-06,2.397169209e-05
8.309459414e-06,2.227698989e-05
8.534956704e-06,2.38591425e-05
8.684420654e-06,2.416976813e-05
8.750189804e-06,2.273688175e-05
8.774874298e-06,2.188244377e-05
8.810346359e-06,2.291603756e-05
8.87589489e-06,2.595711062e-05
8.949998242e-06,2.700028914e-05
9.009547409e-06,2.569132313e-05
9.039156424e-06,2.60814962e-05
9.011150231e-06,2.762044234e-05
8.900077811e-06,2.818230345e-05
8.708257764e-06,2.688542241e-05
8.467812167e-06,2.453409523e-05
8.224263792e-06,2.36953631e-05
8.01531738e-06,2.499574444e-05
7.861749745e-06,2.589943618e-05
7.768079817e-06,2.530471339e-05
7.724536489e-06,2.383588668e-05
7.710429663e-06,2.354636906e-05
7.698373928e-06,2.585654205e-05
7.661899084e-06,2.800206479e-05
7.588047618e-06,2.718028184e-05
7.491187476e-06,2.429623618e-05
7.401608314e-06,2.370422075e-05
7.333946773e-06,2.579422457e-05
7.284940805e-06,2.69378825e-05
7.256506742e-06,2.621115412e-05
7.26115234e-06,2.420781482e-05
7.302510196e-06,2.31135643e-05
7.358461349e-06,2.415019009e-05
7.39505358e-06,2.455368827e-05
7.39450836e-06,2.382361594e-05
7.364632615e-06,2.166727921e-05
7.330149525e-06,2.037848996e-05
7.311245343e-06,2.245419222e-05
7.305171404e-06,2.593155861e-05
7.295911521e-06,2.771027356e-05
7.273145233e-06,2.758004318e-05
7.230635915e-06,2.695564949e-05
7.153211114e-06,2.801607405e-05
7.016458514e-06,2.933808994e-05
6.805409651e-06,2.852652516e-05
6.531371729e-06,2.627522342e-05
6.225759075e-06,2.478824805e-05
5.919524324e-06,2.501394707e-05
5.631208933e-06,2.533322422e-05
5.371245721e-06,2.45179314e-05
5.149776289e-06,2.360449993e-05
4.974612722e-06,2.329395898e-05
4.843666162e-06,2.369683231e-05
4.744723199e-06,2.426771158e-05
4.66579766e-06,2.428849159e-05
4.603440497e-06,2.399829762e-05
4.561057373e-06,2.407213319e-05
4.542344284e-06,2.438060455e-05
4.54632001e-06,2.450676459e-05
4.568887596e-06,2.391614288e-05
4.606080597e-06,2.350548779e-05
4.649525121e-06,2.377178339e-05
4.684347628e-06,2.350537606e-05
4.699841501e-06,2.137564557e-05
4.700581381e-06,1.781802292e-05
4.702569176e-06,1.536109065e-05
4.718503901e-06,1.585016429e-05
4.74984522e-06,1.729446907e-05
4.794209116e-06,1.795856692e-05
4.851485904e-06,1.895699703e-05
4.917847554e-06,2.167678763e-05
4.979374887e-06,2.469549121e-05
5.016043794e-06,2.663736762e-05
5.012142105e-06,2.695952907e-05
4.964375468e-06,2.582894391e-05
4.881891336e-06,2.454351997e-05
4.778495895e-06,2.406534508e-05
4.664493115e-06,2.382391123e-05
4.546937659e-06,2.239979194e-05
4.435515471e-06,1.952632877e-05
4.342712886e-06,1.682430547e-05
4.274982973e-06,1.689303179e-05
4.226882816e-06,1.887958791e-05
4.188710458e-06,2.010682999e-05
4.157589135e-06,2.020464668e-05
4.138517671e-06,2.059047727e-05
4.13649294e-06,2.205614617e-05
4.14960745e-06,2.363928343e-05
4.170300893e-06,2.40772373e-05
4.191455192e-06,2.332872475e-05
4.209174013e-06,2.245077354e-05
4.221492477e-06,2.216604495e-05
4.228114985e-06,2.197003427e-05
4.233263129e-06,2.060815389e-05
4.247919385e-06,1.785444136e-05
4.286244463e-06,1.498706861e-05
4.357095529e-06,1.385033281e-05
4.458313525e-06,1.521098605e-05
4.578924532e-06,1.781004788e-05
4.704621856e-06,2.083734212e-05
4.820738786e-06,2.39491861e-05
4.913170295e-06,2.66128787e-05
4.970940371e-06,2.809277247e-05
4.989814023e-06,2.849288291e-05
4.972700037e-06,2.816516612e-05
4.926543461e-06,2.737030348e-05
4.859681151e-06,2.602801571e-05
4.781639904e-06,2.39831817e-05
4.70272831e-06,2.18293544e-05
4.631467543e-06,2.036495212e-05
4.571871802e-06,2.007533637e-05
4.523454599e-06,2.012267909e-05
4.484280019e-06,2.012715532e-05
4.454147956e-06,2.033391003e-05
4.434998016e-06,2.124532628e-05
4.428663377e-06,2.274961987e-05
4.434390277e-06,2.41788603e-05
4.448667567e-06,2.453428628e-05
4.466772948e-06,2.403376473e-05
4.483012034e-06,2.370890803e-05
4.489778712e-06,2.419029958e-05
4.479195225e-06,2.425703178e-05
4.447890494e-06,2.300279539e-05
4.400450147e-06,2.047639544e-05
4.347658041e-06,1.776083624e-05
4.300951061e-06,1.602391015e-05
4.267860624e-06,1.536813407e-05
4.251210079e-06,1.532323373e-05
4.250383581e-06,1.591948678e-05
4.261610659e-06,1.775084788e-05
4.277015655e-06,2.064409485e-05
4.285269416e-06,2.362036359e-05
4.275418175e-06,2.56220531e-05
4.241327147e-06,2.633353981e-05
4.182804884e-06,2.623316563e-05
4.102995017e-06,2.580429095e-05
4.005436143e-06,2.493000662e-05
3.893716269e-06,2.321929896e-05
3.772760667e-06,2.072878559e-05
3.648415464e-06,1.81701131e-05
3.524661875e-06,1.657989763e-05
3.401751588e-06,1.625039674e-05
3.277928158e-06,1.634626011e-05
3.152601146e-06,1.651225962e-05
3.027777623e-06,1.699312196e-05
2.906846563e-06,1.799003744e-05
2.792499729e-06,1.935369865e-05
2.685392096e-06,2.076522363e-05
2.583579843e-06,2.183135879e-05
2.482778138e-06,2.239982411e-05
2.377621558e-06,2.242305462e-05
2.26388645e-06,2.173310736e-05
2.141342315e-06,2.015405686e-05
2.016071395e-06,1.78461886e-05
1.90072257e-06,1.529326487e-05
1.812560708e-06,1.272610106e-05
1.769574636e-06,1.027642179e-05
1.783971878e-06,9.000235276e-06
1.855430179e-06,1.032037549e-05
1.969445978e-06,1.374988127e-05
2.103756017e-06,1.748145528e-05
2.237201001e-06,2.069318585e-05
2.355079625e-06,2.313733718e-05
2.44920276e-06,2.500436563e-05
2.515817181e-06,2.608468909e-05
2.55453925e-06,2.619523448e-05
2.568699781e-06,2.517850881e-05
2.565437559e-06,2.328241613e-05
2.554100236e-06,2.135529722e-05
2.543336843e-06,2.006045266e-05
2.538903684e-06,1.930555564e-05
2.543949486e-06,1.865471352e-05
2.560922484e-06,1.787496385e-05
2.591955515e-06,1.759107424e-05
2.636981108e-06,1.849007751e-05
2.692561213e-06,2.020205176e-05
2.752983034e-06,2.183337591e-05
2.81253363e-06,2.300780988e-05
2.866645206e-06,2.389891648e-05
2.911428126e-06,2.464532957e-05
2.943566651e-06,2.497146594e-05
2.961614268e-06,2.442387916e-05
2.96753405e-06,2.298648554e-05
2.966681094e-06,2.086698092e-05
2.966047197e-06,1.859378612e-05
2.971969955e-06,1.653321156e-05
2.988833349e-06,1.497880657e-05
3.018785303e-06,1.393174904e-05
3.061225612e-06,1.427972245e-05
3.112862041e-06,1.613263868e-05
3.168275066e-06,1.884616971e-05
3.221297379e-06,2.150485961e-05
3.266553845e-06,2.364099473e-05
3.300173092e-06,2.507815118e-05
3.319655608e-06,2.575167934e-05
3.32356035e-06,2.557799853e-05
3.311453972e-06,2.458546509e-05
3.283806122e-06,2.299355331e-05
3.241592862e-06,2.122893009e-05
3.185940487e-06,1.958381652e-05
3.118182673e-06,1.822059591e-05
3.040156435e-06,1.722566752e-05
2.954134556e-06,1.686380105e-05
2.862332121e-06,1.712478858e-05
2.766315563e-06,1.770683379e-05
2.666736902e-06,1.830941205e-05
2.563268952e-06,1.887689828e-05
2.454517281e-06,1.952651452e-05
2.33801183e-06,2.036092776e-05
2.210715116e-06,2.100400013e-05
2.070330665e-06,2.123595522e-05
1.916947962e-06,2.08704045e-05
1.754070847e-06,1.997063359e-05
1.588565912e-06,1.867277529e-05
1.430228001e-06,1.696272441e-05
1.291880109e-06,1.464522187e-05
1.18899451e-06,1.194544516e-05
1.135826726e-06,9.9046328e-06
1.137740329e-06,9.93807648e-06
1.186668786e-06,1.191490616e-05
1.266201167e-06,1.433447891e-05
1.360306592e-06,1.664291546e-05
1.457407169e-06,1.872129381e-05
1.549862185e-06,2.061325409e-05
1.632566012e-06,2.208224277e-05
1.702485351e-06,2.276035078e-05
1.758902072e-06,2.2567145e-05
1.80304962e-06,2.175231557e-05
1.837010492e-06,2.070102896e-05
1.862833911e-06,1.972913531e-05
1.882650145e-06,1.874392713e-05
1.8994154e-06,1.770956778e-05
1.917043165e-06,1.684236538e-05
1.939533174e-06,1.654781883e-05
1.969682066e-06,1.68106565e-05
2.008470569e-06,1.735803651e-05
2.055097451e-06,1.800610763e-05
2.107309776e-06,1.866202181e-05
2.161829805e-06,1.945469702e-05
2.215078481e-06,2.027239643e-05
2.264146315e-06,2.096487659e-05
2.307648733e-06,2.124314347e-05
2.346121078e-06,2.095889234e-05
2.381847543e-06,2.009385451e-05
2.418240623e-06,1.880870744e-05
2.458982616e-06,1.726553253e-05
2.507119927e-06,1.569097854e-05
2.564323546e-06,1.450693114e-05
2.63052198e-06,1.430939569e-05
2.7040257e-06,1.54420319e-05
2.781963068e-06,1.739100062e-05
2.86077758e-06,1.951350673e-05
2.93665888e-06,2.152655871e-05
3.005994845e-06,2.320275338e-05
3.06586157e-06,2.431448532e-05
3.114328699e-06,2.475802577e-05
3.150386987e-06,2.469104413e-05
3.173597239e-06,2.430302037e-05
3.183802086e-06,2.359602813e-05
3.181107459e-06,2.26340847e-05
3.165975901e-06,2.150996519e-05
3.13916432e-06,2.066990909e-05
3.101466868e-06,2.024906591e-05
3.053499739e-06,2.016121089e-05
2.99572955e-06,2.015919399e-05
2.928672503e-06,2.005164975e-05
2.852944562e-06,1.997595477e-05
2.769105711e-06,2.007815629e-05
2.677511346e-06,2.021830039e-05
2.578494145e-06,2.024631811e-05
2.472808942e-06,2.007811295e-05
2.361924193e-06,1.977724438e-05
2.247914584e-06,1.952052403e-05
2.133172138e-06,1.905729638e-05
2.020323503e-06,1.819540363e-05
1.912394425e-06,1.685055258e-05
1.812804564e-06,1.529021827e-05
1.724947718e-06,1.409657894e-05
1.651505758e-06,1.364896151e-05
1.593885793e-06,1.395481888e-05
1.552027858e-06,1.479479906e-05
1.524401855e-06,1.588877843e-05
1.50813217e-06,1.718358175e-05
1.499277916e-06,1.844617231e-05
1.493521449e-06,1.92675801e-05
1.486993298e-06,1.967329396e-05
1.476823023e-06,1.977756314e-05
1.461268704e-06,1.969569334e-05
1.439568669e-06,1.951760758e-05
1.411773631e-06,1.92869717e-05
1.378617207e-06,1.908013489e-05
1.34133432e-06,1.884132596e-05
1.301388033e-06,1.851362635e-05
1.260262171e-06,1.803418715e-05
1.219375637e-06,1.75204034e-05
1.180012162e-06,1.708635752e-05
1.143377114e-06,1.683309963e-05
1.110869522e-06,1.653910431e-05
1.08425354e-06,1.62635611e-05
1.065794402e-06,1.602389778e-05
1.057810058e-06,1.620494842e-05
1.062240251e-06,1.669523483e-05
1.079925195e-06,1.734904939e-05
1.110484641e-06,1.778768501e-05
1.152718348e-06,1.779653444e-05
1.205251861e-06,1.745601887e-05
1.266813118e-06,1.689691503e-05
1.336419304e-06,1.624144706e-05
1.413416324e-06,1.572677954e-05
1.497392764e-06,1.546081377e-05
1.58770805e-06,1.568929223e-05
1.683088411e-06,1.639897973e-05
1.781482078e-06,1.72821439e-05
1.880263418e-06,1.805124147e-05
1.976655152e-06,1.862934002e-05
2.067993721e-06,1.89964279e-05
2.15178074e-06,1.938794046e-05
2.225718281e-06,1.996749133e-05
2.287873098e-06,2.0524019e-05
2.336895496e-06,2.09989624e-05
2.372114736e-06,2.131983969e-05
2.393427252e-06,2.149095509e-05
2.401090122e-06,2.145574826e-05
2.395592889e-06,2.114570813e-05
2.377643363e-06,2.051146932e-05
2.348172627e-06,1.971878004e-05
2.308295457e-06,1.900392723e-05
2.259253965e-06,1.845675363e-05
2.202405416e-06,1.813460855e-05
2.139289408e-06,1.806370959e-05
2.07163374e-06,1.83838278e-05
2.001233581e-06,1.889903243e-05
1.929762522e-06,1.949482103e-05
1.858649962e-06,1.99757949e-05
1.789102765e-06,2.019878332e-05
1.722249255e-06,2.009931252e-05
1.659299011e-06,1.962242051e-05
1.601613744e-06,1.896958417e-05
1.550638868e-06,1.833834479e-05
1.507720264e-06,1.781142125e-05
1.473881458e-06,1.743543424e-05
1.449505024e-06,1.723297904e-05
1.434214072e-06,1.714843346e-05
1.426892194e-06,1.718721694e-05
1.425793423e-06,1.73909822e-05
1.428722886e-06,1.772932564e-05
1.433233922e-06,1.823905738e-05
1.436835947e-06,1.882343202e-05
1.437159149e-06,1.940542434e-05
1.432106447e-06,1.990004681e-05
1.419871145e-06,2.033632687e-05
1.398944841e-06,2.059644822e-05
1.368223041e-06,2.060845568e-05
1.327148288e-06,2.02954705e-05
1.27578016e-06,1.971747291e-05
1.214825627e-06,1.887010872e-05
1.145665308e-06,1.772995169e-05
1.070505375e-06,1.633143506e-05
9.925751178e-07,1.473918235e-05
