3.445032574 3.372967848
1.995583419 0.981449844
1.357360599 0.4657118727
1.035397422 0.3038511073
0.8318637598 0.2011052027
0.6942234381 0.1290614784
0.5968689071 0.1049162904
0.5228154892 0.07959289105
0.4656380043 0.06831669132
0.4198265684 0.05275208904
0.3819354427 0.04171037734
0.3501399787 0.03591469064
0.3233965904 0.03206544418
0.3005239497 0.02425099389
0.2807591724 0.02419815334
0.2631773363 0.02144644244
0.2477906205 0.01808825782
0.2341745561 0.01462435853
0.2219800621 0.01475626099
0.2110293083 0.01267872433
0.2010344602 0.01238490325
0.1919535598 0.01169790897
0.1836185806 0.0107779982
0.1760500447 0.009631901986
0.1690783853 0.008423746193
0.1625886694 0.008444226507
0.1565020261 0.006324352469
0.150883079 0.0074363692
0.1456920791 0.007139983113
0.1408358318 0.007302643199
0.1362877414 0.005859988922
0.1320385516 0.006526944883
0.1280602084 0.005674598519
0.1243053128 0.006012328994
0.120753468 0.005326096546
0.1173928939 0.005276513623
0.1142121962 0.004422985401
0.1112159673 0.003782450334
0.1083772846 0.003753096288
0.1056650405 0.003681227033
0.1030860718 0.003728193852
0.1006293427 0.003107243798
0.0982901974 0.003061790684
0.09604710333 0.002505953304
0.09390179469 0.003015807533
0.09185295521 0.003328076903
0.08988978668 0.002748862782
0.08801206856 0.002812498406
0.0862148593 0.003020705809
0.08449050385 0.003053862061
0.08284541484 0.002695942216
0.0812684089 0.00266445399
0.07974200248 0.002603035843
0.07826333574 0.002225846675
0.07683721201 0.001997574001
0.07546692748 0.002253473974
0.07414886135 0.002327586137
0.07287491293 0.002016862693
0.07164052581 0.002278749727
0.07044681835 0.002083488326
0.06929217 0.002264637762
0.06817408034 0.002103672523
0.06709309576 0.001695491162
0.06604476478 0.001511914282
0.06502576321 0.001579988523
0.0640360115 0.001435113017
0.06307633011 0.001475396563
0.06214597702 0.001483584617
0.06124415663 0.001589948051
0.06036561069 0.001619468045
0.05951111475 0.001697748248
0.05868578955 0.001522177323
0.05788618507 0.00151273704
0.05710826032 0.001514794119
0.05634892861 0.001203290524
0.05560889405 0.001289102596
0.05488919588 0.001260944977
0.05418790153 0.001205354558
0.05350289317 0.001223014798
0.05283311749 0.001115713976
0.05217878616 0.001194669165
0.05154195052 0.001284268308
0.05092315366 0.001180793872
0.05031862502 0.00131516731
0.04972654154 0.001214618054
0.04914797067 0.001165166682
0.04858306917 0.001281334313
0.04803060535 0.001085192748
0.04748988493 0.001038536427
0.04696008046 0.0009031788778
0.04644171416 0.0007138040938
0.04593534127 0.0008418762994
0.04544184851 0.0009802408424
0.04496012436 0.001062589814
0.04448767216 0.00108377356
0.04402376282 0.001074312671
0.04357044951 0.001154366153
0.04312737175 0.001212833816
0.04269353519 0.001160333177
0.04226765473 0.001030515959
0.04184869662 0.0008505504423
0.04143807141 0.0007368010694
0.1131253604 0.07422159336
0.04975982915 0.03615589218
0.03451454147 0.02541944076
0.02389251044 0.02063682618
0.01860915133 0.0155351606
0.01616272201 0.01298488006
0.01415647515 0.01196574424
0.01248253957 0.009623325532
0.01101896548 0.01000461253
0.009952885599 0.008527446618
0.009181299884 0.006889236973
0.008488694412 0.007306625061
0.007699906218 0.006165049791
0.007067043715 0.005453135505
0.006602989236 0.005468749347
0.006091726793 0.005561833432
0.005594073743 0.004678380968
0.005149334145 0.004089922627
0.004811497991 0.003810549958
0.004513810731 0.003785594162
0.004228586665 0.003447532426
0.003945406296 0.003542676175
0.003722026085 0.003972144993
0.003611333708 0.003183544836
0.003500996217 0.003261705847
0.003372084574 0.003204448704
0.003273334194 0.002760555323
0.003195156263 0.002661422933
0.003107836378 0.002433690849
0.003029496074 0.002661158855
0.002965304642 0.002652301174
0.00289894904 0.002594151041
0.002812617938 0.002650935777
0.002720694762 0.002546277623
0.002641882083 0.001885658599
0.002585548109 0.002014232216
0.002531811078 0.002220852018
0.002463403249 0.002135019127
0.002386650746 0.002322072288
0.002320438216 0.002237276528
0.002263878877 0.002046387216
0.002204405171 0.002076160942
0.002131804088 0.001993707617
0.002053789595 0.001841106821
0.001992727245 0.001606733185
0.001949140852 0.001185125463
0.001909686213 0.001661398167
0.001864508841 0.001778215169
0.001818834196 0.001924813294
0.001774996258 0.002034643198
0.001742981631 0.001768607303
0.00171632147 0.001446521901
0.001685453688 0.001366925276
0.001656753341 0.001340129918
0.001630510108 0.001389043474
0.001607680636 0.001336553598
0.00158829718 0.001577295179
0.001566799343 0.001640506773
0.00154355622 0.001578317865
0.001519540511 0.001640652361
0.001494418407 0.001514606016
0.001467347866 0.001291649859
0.001440194531 0.00136740632
0.001415130288 0.001354565652
0.001391268345 0.001299752899
0.001370304535 0.001251961782
0.001349680635 0.001145857679
0.001330309835 0.001141076285
0.001311812804 0.001023232392
0.001291683698 0.001153416749
0.001273344469 0.001314836178
0.001257743714 0.001358699546
0.001242254098 0.001277959845
0.001225298699 0.001210557159
0.001207860754 0.001071981919
0.001193904671 0.001137113774
0.001185514548 0.001144661891
0.001179079091 0.001048818885
0.001171353918 0.0009518637913
0.001163122879 0.001044386894
0.001154776503 0.001253643082
0.001146278731 0.001346036868
0.001136214475 0.001317891247
0.001123154665 0.001175266265
0.001107959204 0.001020911
0.001091656763 0.0008795612544
0.001074680274 0.0008933443279
0.00105766143 0.0009479141578
0.001040920489 0.0009205631374
0.00102447929 0.000897236015
0.001008960823 0.0009885005674
0.000995140033 0.0009962927648
0.0009826254145 0.001018951776
0.000971680342 0.0009434131744
0.0009603632069 0.0008886650215
0.0009476348369 0.0008974600596
0.0009365070167 0.0008850291421
0.0009287033522 0.0009238532004
0.0009222658196 0.0009668385399
0.0009146550858 0.0009265956048
0.0009072247863 0.000843550135
0.0009015980784 0.0007616372919
0.005460676622 0.002420681794
0.002426118976 0.001517420717
0.001694234297 0.00128427834
0.001296245335 0.001270528499
0.0009753403042 0.001099099842
0.0007626016562 0.0009002616961
0.0006885681793 0.000964311864
0.0006694185966 0.0008426773446
0.0006819228229 0.0009659494154
0.0006538151524 0.0009416219666
0.0006111982312 0.0006599175368
0.0006025611491 0.0008556725437
0.0005926683558 0.0006399688931
0.0005961218601 0.000732378582
0.0005948877076 0.0007386392647
0.0005877204369 0.0006596414275
0.0005832975545 0.000767775032
0.0005773423161 0.0006958918987
0.0005711121459 0.0006152830311
0.0005641974044 0.0006144801609
0.0005544247046 0.0004757853987
0.000548031163 0.0005837289467
0.0005432696164 0.0005859468249
0.0005386578905 0.0005858103349
0.0005310724974 0.0005619651845
0.0005203187292 0.000469213534
0.0005081682271 0.000502957036
0.0004958044103 0.0004386174274
0.0004860125716 0.0005417192405
0.0004754640647 0.0005878024738
0.0004625587631 0.0004912214437
0.0004486964777 0.0004560118677
0.0004348635129 0.0003792749256
0.0004230250517 0.0003861669246
0.0004130462317 0.0004543103755
0.0004038038918 0.0004028674209
0.0003960329085 0.0004242797755
0.0003888043323 0.0003704207815
0.0003819528485 0.0003733162843
0.0003750452945 0.0004270534659
0.0003679080638 0.0004556817809
0.0003592973702 0.000433676458
0.0003495367846 0.0004139404578
0.0003398345879 0.0003305630723
0.0003312704779 0.0003211456546
0.0003239723692 0.0003256330775
0.0003182843922 0.0004189436939
0.0003140221807 0.0003974797104
0.0003107744872 0.0003522437519
0.0003082572717 0.0003622395935
0.0003054681182 0.0003716839101
0.0003022536769 0.0004040613085
0.0002984972714 0.0004345350643
0.0002941976251 0.0004229277199
0.0002891545881 0.0003813266115
0.0002836560213 0.0003154227335
0.0002783804225 0.0002887848178
0.0002736368489 0.0002830515721
0.0002696115549 0.0003104926873
0.0002662212746 0.0003375027486
0.000263169011 0.0003201804947
0.0002600799869 0.0003326288154
0.0002567293794 0.0003449675164
0.0002532519796 0.0003427181549
0.0002497541695 0.0003479046944
0.0002460035849 0.0003169134798
0.0002419393554 0.0003075553821
0.0002375330219 0.0002978351634
0.0002328583108 0.0002591054571
0.0002281611176 0.0002829912259
0.0002233943126 0.0003126359623
0.0002186320877 0.0003214437329
0.0002138039655 0.0003234253002
0.0002086714685 0.0003061514824
0.000203053795 0.0003020443132
0.0001970651295 0.0003155018761
0.0001908362358 0.0003303030345
0.0001843861534 0.0003177581736
0.0001776649207 0.0002802907883
0.0001708490675 0.0002400824626
0.0001643310218 0.0002006741649
0.0001585374466 0.0002022851721
0.0001535051468 0.0002507955838
0.0001487468055 0.0002868773226
0.0001438176198 0.0003022381119
0.0001384685066 0.0002696934252
0.0001328316495 0.0002440297797
0.000127239073 0.0002540752382
0.0001219342477 0.0002752622645
0.0001169199199 0.000282138793
0.0001119989866 0.0002697662287
0.0001071659505 0.0002354057405
0.0001028407379 0.0002113766266
9.946963126e-05 0.0002466873825
9.70130206e-05 0.0002950051667
9.510428402e-05 0.0003152539177
9.34385037e-05 0.0003138533343
9.186711267e-05 0.0002901424553
9.041576126e-05 0.00028877711
8.911587894e-05 0.0003205193677
8.782764399e-05 0.000324614433
8.64971658e-05 0.0002968322409
8.527713537e-05 0.0002354996867
0.0002520945582 0.0001172852131
0.0001987433965 9.976819812e-05
0.0001755953591 8.867432553e-05
0.0001577106261 8.234721036e-05
0.0001470914454 6.826766048e-05
0.0001437940623 7.324135788e-05
0.0001411762471 7.496079794e-05
0.0001382445084 7.850520286e-05
0.0001339432009 7.426714701e-05
0.0001286463487 7.434326542e-05
0.0001215818275 8.219579866e-05
0.0001126536099 7.837589965e-05
0.0001035984833 6.887235221e-05
9.547194621e-05 7.187457495e-05
8.776528192e-05 7.062739535e-05
8.037302205e-05 6.6183978e-05
7.420082411e-05 6.119181263e-05
6.919705789e-05 6.900887193e-05
6.441262732e-05 6.483685073e-05
5.977979003e-05 7.051929366e-05
5.521365819e-05 7.055907069e-05
5.067613356e-05 7.687804455e-05
4.618454923e-05 7.045903915e-05
4.213546476e-05 6.477983382e-05
3.845958673e-05 5.76295476e-05
3.509188422e-05 5.859659067e-05
3.201163084e-05 4.622818799e-05
2.986638636e-05 4.207041309e-05
2.885915343e-05 5.445638912e-05
2.828004307e-05 5.594050676e-05
2.796445668e-05 5.078145088e-05
2.800757423e-05 5.922245629e-05
2.769785866e-05 6.756044788e-05
2.646186067e-05 5.928610351e-05
2.479788018e-05 5.706833223e-05
2.308795852e-05 5.861466008e-05
2.125567848e-05 5.949485426e-05
1.908505914e-05 5.146948206e-05
1.692536419e-05 4.596728469e-05
1.526919126e-05 5.209574714e-05
1.398995497e-05 5.380496645e-05
1.303054273e-05 4.756832819e-05
1.290425788e-05 5.345087512e-05
1.363649317e-05 6.392789624e-05
1.473643964e-05 6.156115527e-05
1.6027776e-05 5.581829902e-05
1.746940867e-05 5.188887567e-05
1.905356678e-05 4.834548712e-05
2.073792604e-05 4.003872354e-05
2.249145038e-05 3.583059589e-05
2.430697624e-05 3.820649174e-05
2.613100055e-05 4.315284107e-05
2.783691859e-05 4.359855055e-05
2.932796719e-05 4.537374083e-05
3.051847471e-05 5.342087462e-05
3.133560489e-05 5.361196788e-05
3.1850062e-05 5.103360639e-05
3.218876622e-05 5.462658892e-05
3.239866935e-05 5.730519367e-05
3.248499317e-05 4.949548042e-05
3.248061302e-05 4.990879423e-05
3.235776531e-05 5.36741783e-05
3.208839965e-05 5.225817851e-05
3.172623209e-05 4.999636841e-05
3.135779903e-05 5.504530885e-05
3.101128388e-05 6.074081817e-05
3.065549634e-05 6.078994477e-05
3.025893569e-05 5.63665506e-05
2.980087551e-05 5.685789311e-05
2.925406103e-05 5.68819617e-05
2.86342149e-05 4.793411421e-05
2.802536684e-05 4.420599604e-05
2.747548717e-05 4.833573643e-05
2.698113731e-05 4.881666156e-05
2.655022162e-05 4.53629163e-05
2.617010959e-05 4.619847651e-05
2.577019963e-05 4.967924427e-05
2.52801408e-05 4.996714979e-05
2.469314736e-05 4.861087406e-05
2.403878416e-05 5.090330521e-05
2.332311489e-05 5.588332602e-05
2.25258027e-05 5.630708537e-05
2.164796381e-05 5.283678894e-05
2.069245742e-05 5.146852033e-05
1.963782766e-05 5.094333812e-05
1.849001857e-05 4.662531186e-05
1.732778647e-05 4.543880214e-05
1.623229119e-05 4.89125961e-05
1.523249733e-05 4.975475625e-05
1.43364182e-05 4.924910267e-05
1.354409131e-05 5.01913009e-05
1.283377255e-05 4.973143096e-05
1.219242343e-05 4.567063742e-05
1.165034453e-05 4.092129687e-05
1.125296563e-05 3.904569488e-05
1.101075508e-05 3.779925414e-05
1.090464399e-05 3.462214349e-05
1.091198706e-05 3.505746481e-05
1.097903065e-05 3.799718722e-05
1.104603903e-05 3.573081234e-05
1.111075887e-05 3.313013099e-05
1.118333845e-05 3.930960884e-05
1.124606559e-05 1.718283356e-06
1.095204079e-05 2.112994827e-06
1.061539526e-05 2.48539695e-06
1.023274773e-05 2.845400244e-06
9.794565144e-06 3.203725205e-06
9.306851189e-06 3.428336169e-06
8.790980478e-06 3.522206476e-06
8.268237068e-06 3.536236704e-06
7.753868972e-06 3.500898183e-06
7.260115841e-06 3.464160367e-06
6.791818943e-06 3.411716793e-06
6.349725653e-06 3.424993858e-06
5.93063311e-06 3.529193893e-06
5.525898073e-06 3.662821682e-06
5.125450573e-06 3.779231653e-06
4.721003936e-06 3.83619683e-06
4.308424733e-06 3.808386293e-06
3.889007733e-06 3.69333626e-06
3.47016781e-06 3.504641802e-06
3.064959502e-06 3.1968249e-06
2.693539174e-06 2.837950762e-06
2.378920814e-06 2.513101586e-06
2.140996728e-06 2.314493891e-06
1.990311888e-06 2.281203956e-06
1.923004258e-06 2.430000045e-06
1.920388092e-06 2.64942838e-06
1.956054263e-06 2.93038211e-06
2.004516774e-06 3.217663239e-06
2.047057902e-06 3.430152346e-06
2.072809229e-06 3.586777148e-06
2.075617431e-06 3.699307616e-06
2.053134937e-06 3.701754567e-06
2.007532079e-06 3.619187931e-06
1.943064927e-06 3.536724325e-06
1.863101404e-06 3.476028423e-06
1.770152762e-06 3.416666681e-06
1.665970099e-06 3.439641783e-06
1.550519719e-06 3.501107699e-06
1.422027831e-06 3.537075947e-06
1.278207583e-06 3.494304995e-06
1.118196014e-06 3.366674915e-06
9.431580568e-07 3.151815524e-06
