0.1347854623,4.64681362
0.04264305196,1.623486018
0.02114127787,0.831571422
0.01183690635,0.4657118727
0.007895898764,0.309025839
0.006029963526,0.2361434683
0.004685950201,0.1811618143
0.003357249405,0.1290614785
0.002919978629,0.1111134703
0.002355272655,0.08882317221
0.002000938111,0.07704963114
0.001756339213,0.06831669132
0.001353500663,0.05205996972
0.001215242534,0.04774307517
0.001013459454,0.03979270273
0.0009251675041,0.03591469065
0.0008225339019,0.03124940812
0.000695227689,0.02714151984
0.0006362382587,0.02463631784
0.0006357409891,0.02419815335
0.0005591772827,0.02147504782
0.0005190578982,0.02042507888
0.0004697340896,0.01854145203
0.0003752702207,0.01462435854
0.0003653465258,0.01420764854
0.0003848209479,0.01507758306
0.0003055195123,0.01202924721
0.0003197776993,0.01238490325
0.0003073204206,0.01205157664
0.000277011712,0.01058733227
0.0002836939257,0.01085013911
0.000254183847,0.009631901994
0.0002245224704,0.008775010304
0.0002167128264,0.008665154905
0.0002050443445,0.007972163303
0.0001629182636,0.006324352479
0.0001872683346,0.007282006564
0.0001906054771,0.007422069346
0.0001780261555,0.006874410951
0.0001853510799,0.007302643208
0.0001571758377,0.006226951641
0.0001464827849,0.005795822975
0.0001654541078,0.006555265846
0.0001447130925,0.005674598533
0.0001520993155,0.006033864694
0.0001413707928,0.005619313871
0.0001314002517,0.005154046597
0.0001325041159,0.005276513631
0.0001185384542,0.004539374749
0.0001087619535,0.004161001742
9.528528333e-05,0.003658966438
9.83593228e-05,0.003753096302
9.582859285e-05,0.003631963208
9.824857306e-05,0.003739570925
9.339833523e-05,0.003555331119
8.189918597e-05,0.003107243814
8.174435851e-05,0.003161352634
6.949150727e-05,0.002657492418
7.242985377e-05,0.002723573586
8.015463442e-05,0.003015807544
8.649128808e-05,0.003316652838
7.948441189e-05,0.003048915679
6.961079297e-05,0.002687411976
7.393434606e-05,0.002812498415
7.805148615e-05,0.003010305883
8.152219367e-05,0.003089088925
7.897331516e-05,0.002986308889
6.934006029e-05,0.002695942228
6.894823563e-05,0.002683376112
6.767318383e-05,0.002576633749
6.712768249e-05,0.002585126379
5.812157706e-05,0.002225846684
4.799018937e-05,0.001860933621
5.810566547e-05,0.002222990819
6.008024588e-05,0.002291572009
6.010342036e-05,0.002327586152
5.388780158e-05,0.002071265377
5.672438234e-05,0.002126916766
6.062361285e-05,0.002263821144
5.438052249e-05,0.002083488334
5.786675577e-05,0.00220126695
5.840623955e-05,0.002227972325
5.303272599e-05,0.002060454309
4.447953763e-05,0.001695491169
3.972162632e-05,0.001498892534
4.122249921e-05,0.001561415221
4.062555441e-05,0.001541031239
3.786774316e-05,0.001435113027
3.838140746e-05,0.001462832445
3.793965325e-05,0.001451638192
3.891172278e-05,0.001513292514
4.093953368e-05,0.001589948059
4.200358297e-05,0.001603749596
4.412435899e-05,0.001696883281
4.263113256e-05,0.001640524893
4.017085049e-05,0.001522177333
3.954423304e-05,0.001498705093
4.137624357e-05,0.001563313878
3.738671182e-05,0.001432988331
3.132019136e-05,0.001203290539
3.2246085e-05,0.001243767894
3.543577601e-05,0.001334033046
3.185107016e-05,0.001221572341
3.12958028e-05,0.00120535457
3.208948625e-05,0.001227317998
3.04809331e-05,0.001176180175
2.865910832e-05,0.001101073498
3.109763474e-05,0.001194669181
3.319605606e-05,0.001287044044
3.144705012e-05,0.001217627166
3.186773671e-05,0.001197439212
3.483529072e-05,0.001315167317
3.348830817e-05,0.001275655804
2.975877881e-05,0.001132109321
3.143916065e-05,0.001208932243
3.366042611e-05,0.001281334322
3.095685018e-05,0.001156731104
2.71049321e-05,0.001004682535
2.696708136e-05,0.001031840546
2.393984491e-05,0.0009031788863
1.903806394e-05,0.0007285810051
1.960560342e-05,0.0007590119552
2.338579038e-05,0.0008902231648
2.603281677e-05,0.0009802408616
2.832203112e-05,0.001044680155
2.945555574e-05,0.001084004306
2.910728952e-05,0.001086359264
2.857795366e-05,0.001074312679
2.959194011e-05,0.001131668706
3.138538957e-05,0.001192119914
3.200997987e-05,0.001209231678
3.056220492e-05,0.001160333189
2.811419384e-05,0.001066752856
2.518956791e-05,0.000939252296
2.184779541e-05,0.0008128770058
1.928303927e-05,0.0007368010773
1.844492053e-05,0.000702522577
1.981503007e-05,0.0007797166319
2.216101262e-05,0.0008562145111
2.330445806e-05,0.0008925593255
2.443624386e-05,0.0009366166746
2.501595139e-05,0.0009466783867
2.482271953e-05,0.0009218880511
2.558063843e-05,0.0009193822884
2.635083801e-05,0.0009512191195
2.60261713e-05,0.0009593923666
2.409858771e-05,0.0009057598659
2.227088488e-05,0.000845294945
2.060116719e-05,0.0007850227205
1.762698304e-05,0.000668877218
1.549875903e-05,0.0006009586809
1.713397624e-05,0.0006534176782
1.940567926e-05,0.0007316457113
2.012305714e-05,0.0007686761237
2.111222019e-05,0.0007969374841
2.367558499e-05,0.0008833321125
2.549487065e-05,0.0009442211258
2.646293321e-05,0.0009754026807
2.659939298e-05,0.0009917360535
2.620458015e-05,0.0009993351149
2.533311565e-05,0.0009909368335
2.354722551e-05,0.0009218713433
2.033680855e-05,0.0007965716221
1.686574741e-05,0.0006521773928
1.293131072e-05,0.0005005538986
1.180075704e-05,0.0004512705106
1.275665371e-05,0.000491440741
1.389179223e-05,0.0005290606079
1.609260355e-05,0.0006141915627
1.939779397e-05,0.0007327247485
2.145460956e-05,0.0007997339845
2.264488338e-05,0.0008511494966
2.358506082e-05,0.0008923062426
2.418005822e-05,0.000912769396
2.410669501e-05,0.0009089637828
2.34758814e-05,0.000886381562
2.19689194e-05,0.0008230660443
1.913851798e-05,0.0007091095941
1.571513674e-05,0.000579336361
1.223522971e-05,0.0004561618519
9.59708547e-06,0.0003573890188
8.850468163e-06,0.0003337014601
1.042148019e-05,0.0003944954719
1.324559592e-05,0.0004981516151
1.652879921e-05,0.0006173611627
1.886742878e-05,0.0006979796006
2.080574431e-05,0.0007696076694
2.252602013e-05,0.000838983169
2.337770782e-05,0.0008713591983
2.326046864e-05,0.0008612485973
2.24571896e-05,0.0008319376402
2.118335065e-05,0.0007940744047
1.924025437e-05,0.0007282618782
1.672892147e-05,0.0006390516616
1.435209911e-05,0.0005523735434
1.305816642e-05,0.0004961134288
1.29983921e-05,0.0004804386228
1.373572151e-05,0.0005062020599
1.500480915e-05,0.0005627252154
1.691185732e-05,0.0006475779459
1.858373288e-05,0.0007178690602
1.988825165e-05,0.0007734253152
2.084136881e-05,0.0008159888644
2.100022449e-05,0.0008183122951
2.067499402e-05,0.0007949554418
2.018703427e-05,0.0007618530732
1.884522481e-05,0.0007066745167
1.659363502e-05,0.0006232333146
1.420428843e-05,0.0005354509318
1.226397268e-05,0.0004675830717
1.122042874e-05,0.000430823697
1.121618226e-05,0.0004324299744
1.226514443e-05,0.0004780461891
1.408288252e-05,0.000550308141
1.629950831e-05,0.0006350654107
1.841395414e-05,0.0007123124287
2.007844238e-05,0.0007748576191
2.10676938e-05,0.0008138552629
2.14950547e-05,0.0008281797152
2.142882145e-05,0.0008189879248
2.057005892e-05,0.0007843127472
1.8690962e-05,0.0007153002122
1.637231777e-05,0.0006263718346
1.40757014e-05,0.0005391870994
1.207616483e-05,0.0004633905636
1.114107134e-05,0.0004236640563
1.163982699e-05,0.0004366533059
1.288674123e-05,0.0004868709942
1.44200626e-05,0.000546369369
1.612972024e-05,0.000619275318
1.789684948e-05,0.0006863212331
1.939246818e-05,0.000745444773
2.040924676e-05,0.0007771261363
2.077211075e-05,0.0007873634231
2.050933684e-05,0.0007784259019
1.954626864e-05,0.0007417808102
1.787694728e-05,0.0006807600574
1.560572351e-05,0.0005932148531
1.289092601e-05,0.0004904500956
1.041047057e-05,0.0004027374311
9.051581036e-06,0.0003554489595
9.066305253e-06,0.0003490796644
1.015069394e-05,0.0003883899552
1.20075635e-05,0.0004569811252
1.430311167e-05,0.0005444333599
1.659025414e-05,0.0006301790877
1.848545912e-05,0.0007026362532
1.977748651e-05,0.000752205635
2.037847261e-05,0.0007759381255
2.031487021e-05,0.0007706528328
1.949768177e-05,0.0007372227116
1.787813229e-05,0.000674171117
1.566046453e-05,0.0005913113111
1.336140744e-05,0.0005041989449
1.181382591e-05,0.0004450838214
1.141010406e-05,0.0004217672968
1.211863682e-05,0.0004538846484
1.342160102e-05,0.0005133909255
1.480936583e-05,0.0005703541368
1.612905517e-05,0.0006215683769
1.731290284e-05,0.0006699804116
1.822097618e-05,0.0007040229579
1.861117851e-05,0.0007218612024
1.860644299e-05,0.0007210400587
1.796556714e-05,0.0006941433546
1.674728801e-05,0.0006428979445
1.499355449e-05,0.0005714973807
1.289856636e-05,0.0004897489924
1.091735084e-05,0.0004153356368
9.831892008e-06,0.0003771629872
1.009887344e-05,0.0003863234417
1.141308986e-05,0.0004369576585
1.304804294e-05,0.0004993221045
1.466707922e-05,0.000560823128
1.609213212e-05,0.0006192409089
1.727692711e-05,0.0006673837764
1.815514499e-05,0.0007018334439
1.858477913e-05,0.0007184215158
1.806377531e-05,0.0006954525787
1.712275728e-05,0.0006527418351
1.603624328e-05,0.0006057281107
1.463624063e-05,0.0005470725414
1.320109208e-05,0.0004966889364
1.234633935e-05,0.0004673502694
1.233806513e-05,0.0004668316794
1.227772745e-05,0.0004627681434
1.230628136e-05,0.0004651549769
1.217686872e-05,0.0004548570047
1.279912939e-05,0.0004713664907
1.46164905e-05,0.0005365930837
1.569132389e-05,0.0005835173054
1.582359107e-05,0.0005995447735
1.599583587e-05,0.0006076385719
1.614792786e-05,0.000616702347
1.621886171e-05,0.0006181180605
1.579765849e-05,0.0006045847958
1.400732383e-05,0.0005377472096
1.160065705e-05,0.0004438886297
9.931857485e-06,0.0003715738637
9.43740977e-06,0.0003499572579
9.402536561e-06,0.0003519211497
9.617318767e-06,0.0003697406296
1.001746164e-05,0.000383070207
1.097660705e-05,0.000419711892
1.254100899e-05,0.0004789081443
1.368718996e-05,0.0005199074002
1.425311788e-05,0.0005334508828
1.482987518e-05,0.0005526269667
1.53759429e-05,0.0005734089269
1.562515709e-05,0.0005793252992
1.5435152e-05,0.000571543905
1.452591356e-05,0.0005384902354
1.326427486e-05,0.0004947766061
1.233696569e-05,0.0004652596411
1.162809172e-05,0.0004431101285
1.116198381e-05,0.0004291909238
1.114091531e-05,0.0004306063727
1.148763758e-05,0.0004441105444
1.226312955e-05,0.0004758991626
1.310976538e-05,0.0005119819144
1.345692448e-05,0.0005255104766
1.350346681e-05,0.0005187020234
1.370614147e-05,0.0005248741705
1.399767652e-05,0.0005364655303
1.405608991e-05,0.0005351985174
1.348885852e-05,0.0005094720942
1.227881683e-05,0.0004630185929
1.104385327e-05,0.0004189046023
1.042985801e-05,0.0003992039296
1.010208972e-05,0.0003874234395
9.862915534e-06,0.0003817596373
9.929828044e-06,0.0003846736809
1.057265701e-05,0.0004043711666
1.189788873e-05,0.0004615455558
1.310487109e-05,0.0005137441356
1.35760743e-05,0.0005333053667
1.35730314e-05,0.0005326067738
1.348931184e-05,0.0005239504134
1.352482715e-05,0.0005174943718
1.351387781e-05,0.0005113383861
1.294828793e-05,0.0004879354143
1.185728162e-05,0.0004439757104
1.089386714e-05,0.0004070834766
1.042609084e-05,0.0003910876679
1.033191842e-05,0.0003885127799
1.04689329e-05,0.0003958764356
1.078465896e-05,0.0004129535829
1.161847354e-05,0.0004480821795
1.286310019e-05,0.0004949440378
1.393165491e-05,0.0005331273593
1.445748843e-05,0.0005491125276
1.446056381e-05,0.0005475695322
1.411589548e-05,0.000535511851
1.360179719e-05,0.0005187338682
1.28801153e-05,0.0004893505903
1.180947899e-05,0.0004433288251
1.054023656e-05,0.0003941954581
9.404663371e-06,0.0003513526031
8.612775013e-06,0.0003229517082
8.252549259e-06,0.0003145636006
8.364536772e-06,0.0003240718145
9.035485021e-06,0.0003516455288
1.029078776e-05,0.0004036387901
1.164718981e-05,0.000457210887
1.265643183e-05,0.0004966216001
1.322786543e-05,0.0005169075684
1.339726613e-05,0.0005183467285
1.332431961e-05,0.0005103807319
1.301518646e-05,0.0004954616028
1.240024179e-05,0.0004715789145
1.15873961e-05,0.000438963567
1.094805301e-05,0.0004140420344
1.072973315e-05,0.0004083299659
1.079556498e-05,0.0004121560334
1.087884976e-05,0.0004153729983
1.098622539e-05,0.0004199084623
1.13532698e-05,0.000434441269
1.208363391e-05,0.0004686120039
1.286610555e-05,0.0004987544403
1.332220588e-05,0.0005138597819
1.334037898e-05,0.000511866507
1.302448104e-05,0.0004987342931
1.2519019e-05,0.0004803546344
1.182090184e-05,0.000455496952
1.083418502e-05,0.0004180422627
9.71734467e-06,0.0003762702961
8.986161727e-06,0.0003477846356
9.017381416e-06,0.0003493227354
9.581966866e-06,0.0003695015372
1.019745934e-05,0.0003905599194
1.066658668e-05,0.0004109403197
1.118028904e-05,0.000434044422
1.184299532e-05,0.0004626703717
1.248247189e-05,0.0004876814085
1.282029876e-05,0.0005014310133
1.275804465e-05,0.00049814198
1.228213487e-05,0.0004777421829
1.154301129e-05,0.0004489117558
1.056606161e-05,0.0004066157499
9.687726868e-06,0.0003685891886
8.954647442e-06,0.000338620444
8.862375798e-06,0.000335384079
9.619991222e-06,0.0003718461662
1.047189735e-05,0.0004068925704
1.097864135e-05,0.0004283829413
1.108971043e-05,0.0004347628195
1.143428574e-05,0.000449578996
1.215406445e-05,0.0004675652254
1.282367196e-05,0.000494021815
1.281112404e-05,0.0004924407414
1.264217754e-05,0.0004799364605
1.225319104e-05,0.0004554968583
1.185197236e-05,0.0004356583869
1.123902203e-05,0.0004228407858
1.013700123e-05,0.00038610446
8.823437513e-06,0.0003393867044
7.966646994e-06,0.0003049374308
7.699176474e-06,0.0002950403899
7.88231056e-06,0.0003034513518
8.115698033e-06,0.0003132376171
8.511546052e-06,0.0003306831135
9.388617787e-06,0.0003661309312
1.038641101e-05,0.0004044963524
1.10537593e-05,0.0004300300303
1.129695141e-05,0.000437452923
1.142455224e-05,0.0004399980534
1.154316973e-05,0.0004416939715
1.143257537e-05,0.0004342700223
1.086284142e-05,0.0004093740031
9.891329802e-06,0.0003740808832
9.075304448e-06,0.0003449926967
8.917141651e-06,0.0003411462086
9.158990455e-06,0.0003513869611
9.480139184e-06,0.0003640971428
9.779006328e-06,0.0003744576116
1.022850747e-05,0.0003923930572
1.097639669e-05,0.0004234830858
1.168370786e-05,0.0004517721729
1.196118593e-05,0.0004663252319
1.182914858e-05,0.0004617223043
1.153236946e-05,0.0004457015403
1.132195394e-05,0.0004304026869
1.104338137e-05,0.0004151921009
1.026326967e-05,0.0003829606976
9.019188769e-06,0.0003368199772
7.906218059e-06,0.000297637417
7.529495768e-06,0.0002871577666
7.802512984e-06,0.000298121345
8.280240043e-06,0.0003164849052
8.823098411e-06,0.000341727762
9.547130312e-06,0.0003726613791
1.048538296e-05,0.0004101267128
1.129383938e-05,0.0004401768747
1.163642616e-05,0.0004528525123
1.144431224e-05,0.0004456727662
1.097916273e-05,0.0004292034585
1.0376243e-05,0.0004031005146
9.616901528e-06,0.0003712799094
8.527190495e-06,0.0003287918423
7.224050955e-06,0.0002793133149
6.340830089e-06,0.0002439147401
6.432440472e-06,0.0002449477306
7.360971493e-06,0.0002779914472
8.486079294e-06,0.000322686985
9.65511286e-06,0.0003735790109
1.085743036e-05,0.0004220571138
1.194100252e-05,0.0004659833844
1.264372569e-05,0.0004919801265
1.286577826e-05,0.0004988611016
1.260782166e-05,0.0004877515868
1.205661434e-05,0.0004655817299
1.130630434e-05,0.0004349337257
1.026600201e-05,0.0003936163751
8.822633363e-06,0.0003352314497
7.197164185e-06,0.0002718316587
5.934981078e-06,0.0002236856479
5.491431283e-06,0.0002096092665
5.800323711e-06,0.0002254338523
6.486848969e-06,0.0002532813467
7.53756669e-06,0.0002934617193
8.921514723e-06,0.0003487642702
1.023064183e-05,0.0004002556818
1.109215854e-05,0.0004329531959
1.138460746e-05,0.0004439623652
1.122849196e-05,0.0004368274254
1.085050451e-05,0.0004201713797
1.032757704e-05,0.000397711965
9.473480954e-06,0.0003630976937
8.272623299e-06,0.0003163615685
7.102181479e-06,0.0002703347725
6.544497234e-06,0.000248645145
6.797900401e-06,0.0002586185977
7.453794655e-06,0.0002847024854
8.213016749e-06,0.000316540474
9.142292856e-06,0.0003566397446
1.022482975e-05,0.0003999316605
1.118505056e-05,0.0004350237459
1.172470802e-05,0.0004542512643
1.177048795e-05,0.00045591458
1.144944953e-05,0.0004439275486
1.094023851e-05,0.0004233386959
1.027574354e-05,0.0003956326167
9.379958953e-06,0.0003596261946
8.314223551e-06,0.0003170058164
7.356938725e-06,0.0002779979186
6.853588118e-06,0.0002568721107
6.903891184e-06,0.0002593959397
7.291946997e-06,0.0002764814878
7.87804984e-06,0.0003020878642
8.663342736e-06,0.0003343688384
9.550808364e-06,0.0003708369094
1.031519104e-05,0.0004013527546
1.074965843e-05,0.0004193716242
1.078308578e-05,0.0004221475699
1.046981617e-05,0.0004087486608
9.88387982e-06,0.0003823479589
9.004028252e-06,0.0003455115939
7.831501349e-06,0.0003001143752
6.549208738e-06,0.000251027858
5.565734289e-06,0.00021423751
5.359914567e-06,0.0002035276394
5.996495534e-06,0.0002255407137
7.02736017e-06,0.0002653359918
8.154058982e-06,0.0003107534039
9.43771366e-06,0.000360239436
1.068147806e-05,0.0004108518182
1.160979231e-05,0.0004504840651
1.213095782e-05,0.0004726287341
1.221852845e-05,0.0004764964148
1.193869316e-05,0.0004644795071
1.137086213e-05,0.0004415044142
1.043144857e-05,0.000403072973
9.084929446e-06,0.0003486629022
7.530098974e-06,0.0002874288483
6.094874517e-06,0.0002294201874
5.195936657e-06,0.0001935732385
5.001726428e-06,0.0001837932646
5.396534396e-06,0.000201005607
6.278634989e-06,0.0002411690093
7.552814265e-06,0.0002935051508
8.909255877e-06,0.0003458109166
1.001849505e-05,0.0003901527287
1.07120868e-05,0.0004179372816
1.098089278e-05,0.0004276542184
1.088839308e-05,0.0004213331762
1.047846952e-05,0.0004025805442
9.665125707e-06,0.0003707428014
8.399555996e-06,0.000321554683
6.973549484e-06,0.0002687924303
5.719526349e-06,0.0002213570056
5.141389614e-06,0.0001996087278
5.380568842e-06,0.0002077199727
6.180794995e-06,0.0002382397164
7.317230855e-06,0.0002838792707
8.606548414e-06,0.0003359438837
9.813034102e-06,0.0003833485897
1.07311292e-05,0.0004174879742
1.125261583e-05,0.000436225886
1.13816689e-05,0.0004398383894
1.117467367e-05,0.0004308964593
1.064389032e-05,0.00040845333
9.789680105e-06,0.0003724987292
8.687199594e-06,0.0003289525887
7.545572318e-06,0.0002857548434
6.66763806e-06,0.0002522330114
6.291150597e-06,0.0002368052735
6.438820248e-06,0.000242240996
6.976790553e-06,0.0002671300116
7.783754829e-06,0.0003016155319
8.681235922e-06,0.0003398217103
9.449427042e-06,0.0003702483588
9.937670249e-06,0.0003893133343
1.009862464e-05,0.0003970250993
9.944561498e-06,0.0003907907918
9.534029417e-06,0.0003740911221
8.796102087e-06,0.0003432432352
7.711226687e-06,0.0002993186803
6.412702747e-06,0.0002485273913
5.193364231e-06,0.000200272438
4.551476356e-06,0.0001729311227
4.94585311e-06,0.0001892017342
6.105928206e-06,0.0002353867976
7.446080184e-06,0.0002882815917
8.586321624e-06,0.0003327802508
9.577804746e-06,0.0003735257184
1.047978384e-05,0.00040992305
1.102189602e-05,0.0004333873758
1.120604548e-05,0.0004382139184
1.101703913e-05,0.0004292063849
1.044677035e-05,0.0004094591111
9.758278148e-06,0.0003823458663
8.871225708e-06,0.0003455577351
7.752064623e-06,0.0002995728036
6.650412521e-06,0.0002523358766
5.869017819e-06,0.0002175694148
5.622130786e-06,0.0002074122034
5.918117171e-06,0.0002238450859
6.580833277e-06,0.000252158262
7.357076915e-06,0.0002854359648
8.141818408e-06,0.0003174025858
8.883563975e-06,0.0003465383169
9.385628783e-06,0.0003670273623
9.628606615e-06,0.0003772451058
9.604003863e-06,0.0003755079902
9.278823391e-06,0.0003609897289
8.819736374e-06,0.0003419412293
8.1616233e-06,0.0003152665873
7.2770864e-06,0.0002811633341
6.383607566e-06,0.0002451749937
5.710500707e-06,0.0002170090161
5.501346352e-06,0.000207443982
5.811837991e-06,0.0002190355648
6.449072168e-06,0.000242385079
7.326419317e-06,0.0002792022844
8.279241305e-06,0.0003200240741
9.065455546e-06,0.0003531623406
9.600604945e-06,0.0003745896752
9.901650055e-06,0.0003855940435
9.948569431e-06,0.000385650914
9.758652349e-06,0.0003786731801
9.407770187e-06,0.0003665869939
8.932825195e-06,0.0003465348875
8.354094684e-06,0.0003185936956
7.794859335e-06,0.0002934439548
7.380082133e-06,0.0002779932261
7.209549518e-06,0.0002734680679
7.272525292e-06,0.0002759651299
7.454770767e-06,0.0002817283522
7.770508965e-06,0.0002933208778
8.17821136e-06,0.0003116027463
8.493294922e-06,0.0003261330281
8.619271544e-06,0.000334018395
8.538864873e-06,0.0003327489113
8.259628296e-06,0.0003218133963
7.832685233e-06,0.0003046726564
7.282055214e-06,0.0002826196932
6.625136031e-06,0.0002571564864
5.974100933e-06,0.0002320047925
5.512650853e-06,0.0002135985086
5.441219909e-06,0.0002102311431
5.854281435e-06,0.0002229364569
6.585826834e-06,0.0002487936217
7.445548958e-06,0.0002790850682
8.352937839e-06,0.0003108265915
9.191186639e-06,0.0003417024437
9.811799845e-06,0.0003653055283
1.011439692e-05,0.0003782143151
1.007440764e-05,0.0003789899915
9.749621661e-06,0.0003690717991
9.213079787e-06,0.0003503882306
8.496857415e-06,0.0003239861053
7.678685033e-06,0.000292078155
6.925621251e-06,0.00026030822
6.408166226e-06,0.0002390872977
6.235579287e-06,0.0002335057405
6.421839574e-06,0.000241290941
6.876813157e-06,0.0002587549368
7.466586836e-06,0.0002826557989
8.077957264e-06,0.0003089209748
8.607362278e-06,0.0003312119665
8.965172024e-06,0.0003467139506
9.079216272e-06,0.0003517327352
8.923029762e-06,0.0003456823535
8.543039323e-06,0.0003309218634
7.997793226e-06,0.0003092590727
7.318104292e-06,0.0002823125173
6.586127931e-06,0.0002541939171
5.953997783e-06,0.0002287378064
5.589020503e-06,0.0002145543278
5.594200971e-06,0.0002172229725
5.920826118e-06,0.0002299575739
6.466609877e-06,0.0002510433322
7.135562738e-06,0.0002780013467
7.816234355e-06,0.0003053563092
8.401994421e-06,0.0003273590114
8.814520103e-06,0.0003430679989
9.002956448e-06,0.0003500511605
8.968531681e-06,0.0003488242817
8.768872392e-06,0.0003392264679
8.471671086e-06,0.0003248233029
8.137486093e-06,0.000310733022
7.846428604e-06,0.0002986944923
7.695464302e-06,0.0002923756698
7.740328679e-06,0.0002939149156
7.93529638e-06,0.0003000345058
8.164168994e-06,0.0003073995263
8.347492173e-06,0.000315010162
8.45031133e-06,0.0003201653484
8.466470784e-06,0.0003217345952
8.352034403e-06,0.0003182756367
8.076989478e-06,0.0003091970607
7.642050508e-06,0.0002939612709
7.091273599e-06,0.0002749438449
6.477820704e-06,0.000253314976
5.933637842e-06,0.0002335913132
5.518742766e-06,0.0002168280333
5.343094141e-06,0.0002093645141
5.490527498e-06,0.000213887227
5.943391267e-06,0.0002293113108
6.578088648e-06,0.0002498736954
7.239269563e-06,0.0002733191392
7.837215825e-06,0.0002957574569
8.335112179e-06,0.0003162679089
8.701261989e-06,0.0003321347294
8.896620867e-06,0.0003408458268
8.898693325e-06,0.00034207655
8.713635096e-06,0.0003362020823
8.374849335e-06,0.0003244360867
7.919089401e-06,0.0003077478954
7.409414676e-06,0.000287075942
6.946936811e-06,0.0002675456276
6.649059642e-06,0.0002551431463
6.608571603e-06,0.0002543348607
6.840339266e-06,0.0002633771963
7.261087355e-06,0.0002782774162
7.746917971e-06,0.0002960971104
8.192107421e-06,0.0003147437323
8.528573978e-06,0.0003300477203
8.716338232e-06,0.0003390605145
8.723497541e-06,0.0003402298617
8.538156493e-06,0.0003335515774
8.179568263e-06,0.0003202435977
7.69060276e-06,0.0003011886731
7.112001003e-06,0.0002785195302
6.487989161e-06,0.0002537653886
5.888079467e-06,0.0002295226485
5.45658976e-06,0.0002130118734
5.311645842e-06,0.0002061876974
5.492096537e-06,0.0002097762188
5.917306127e-06,0.0002223396598
6.465590631e-06,0.0002438964721
7.034428526e-06,0.0002682024207
7.547785956e-06,0.0002912896712
7.948057676e-06,0.000309026545
8.191118397e-06,0.0003199144087
8.25921394e-06,0.0003225645654
8.172902057e-06,0.000318307158
7.975416404e-06,0.0003095194793
7.713664837e-06,0.0002978030038
7.441955631e-06,0.0002865282905
7.238506272e-06,0.0002792193804
7.189094466e-06,0.0002783347894
7.344558807e-06,0.0002840542429
7.671386294e-06,0.0002940529714
8.081002571e-06,0.0003059768298
8.474758834e-06,0.0003183615416
8.76392645e-06,0.0003268428161
8.876496108e-06,0.0003288518411
8.763012166e-06,0.0003234316819
8.402414803e-06,0.0003098145166
7.806413336e-06,0.0002893916222
7.021584222e-06,0.0002637476209
6.128145688e-06,0.0002342948698
5.24411075e-06,0.0002041792436
4.538821839e-06,0.0001776849011
4.229003726e-06,0.0001648086605
4.460290075e-06,0.0001732444983
5.144115401e-06,0.000197802465
6.047812286e-06,0.0002293074782
6.972260376e-06,0.000261736202
7.789907056e-06,0.0002910891703
8.424332996e-06,0.0003143459898
8.816779072e-06,0.0003292598249
8.930752079e-06,0.0003337764818
8.756839814e-06,0.0003278054885
8.319494541e-06,0.0003119561803
7.675654923e-06,0.0002880775302
6.911726771e-06,0.0002602189381
6.149236379e-06,0.0002324158674
5.554697531e-06,0.0002106758817
5.318687575e-06,0.0002028764617
5.552470678e-06,0.0002111084332
6.184360056e-06,0.0002325208382
7.021076168e-06,0.0002623785978
7.873885956e-06,0.0002943667105
8.611796933e-06,0.0003218060773
9.146837865e-06,0.0003417297149
9.414215163e-06,0.0003517491229
9.371283222e-06,0.0003504446731
9.009026643e-06,0.0003373787019
8.35731798e-06,0.000313747721
7.478117915e-06,0.0002816136322
6.457995418e-06,0.0002449196069
5.417466278e-06,0.0002065979515
4.53781936e-06,0.0001737662891
4.063709564e-06,0.0001549468194
4.165942643e-06,0.0001580169916
4.745273798e-06,0.0001786195612
5.546515105e-06,0.000208039811
6.366918899e-06,0.0002390635656
7.088444011e-06,0.0002672297074
7.643569926e-06,0.0002900775356
7.98996211e-06,0.0003048186647
8.105243724e-06,0.0003104430215
7.993894964e-06,0.0003073044038
7.693296183e-06,0.0002955597099
7.271448226e-06,0.0002785806525
6.82149566e-06,0.0002606228531
6.455431261e-06,0.0002469168738
6.285492109e-06,0.0002402498016
6.383012464e-06,0.0002438359519
6.73546548e-06,0.0002572109291
7.254586517e-06,0.0002762352602
7.827025158e-06,0.0002971479628
8.351571824e-06,0.0003147049334
8.74733108e-06,0.0003270729603
8.952301664e-06,0.0003338052694
8.921736827e-06,0.0003324084141
8.630653319e-06,0.0003214740707
8.079596867e-06,0.0003011519064
7.299468199e-06,0.0002718795627
6.35484612e-06,0.0002360313677
5.352744739e-06,0.0001984426578
4.467056739e-06,0.0001667844358
3.958106668e-06,0.0001488976964
4.050981522e-06,0.0001536177309
4.677399394e-06,0.0001790747527
5.560453061e-06,0.0002132390213
6.473076888e-06,0.0002482792976
7.285649674e-06,0.0002785005212
7.924597629e-06,0.0003016498815
8.342048278e-06,0.0003162981025
8.506668721e-06,0.0003219642834
8.405063639e-06,0.0003181886823
8.044790794e-06,0.0003050204545
7.456457435e-06,0.0002827738291
6.698150576e-06,0.0002535417773
5.867584486e-06,0.0002215294317
5.124365313e-06,0.0001928954862
4.696916606e-06,0.0001768949245
4.78515891e-06,0.0001803790659
5.375172002e-06,0.0002041634757
6.260026811e-06,0.0002395366915
7.224284185e-06,0.000278276277
8.111569978e-06,0.000313611442
8.825810543e-06,0.0003416744787
9.296986773e-06,0.000359945615
9.478502619e-06,0.000367005857
9.34511333e-06,0.000361779335
8.894473648e-06,0.0003444001018
8.146806101e-06,0.0003157131671
7.145427524e-06,0.0002771019926
5.962926304e-06,0.0002315319384
4.720451274e-06,0.0001836065458
3.639212613e-06,0.0001405322295
3.105626966e-06,0.0001174026987
3.413899712e-06,0.0001256807482
4.293609202e-06,0.0001597548526
5.330548106e-06,0.0002001258744
6.298047223e-06,0.0002379670321
7.087971029e-06,0.0002690044338
7.644439448e-06,0.0002912343154
7.940706223e-06,0.0003039953863
7.973663611e-06,0.0003065134196
7.762975847e-06,0.0002997416301
7.350438057e-06,0.0002854180665
6.80388969e-06,0.0002652581682
6.226302975e-06,0.0002433187028
5.760805771e-06,0.0002251056791
5.564606769e-06,0.0002160652363
5.730657839e-06,0.0002203487911
6.219339065e-06,0.0002366667484
6.892413708e-06,0.0002597637024
7.596749108e-06,0.0002851656164
8.208574575e-06,0.0003077072681
8.639452738e-06,0.0003238351908
8.829145065e-06,0.0003304934111
8.748642233e-06,0.0003273976307
8.393332526e-06,0.0003142697104
7.78425716e-06,0.0002917330414
6.967667131e-06,0.0002612250957
6.020557636e-06,0.0002261578271
5.069436331e-06,0.0001912260534
4.319712664e-06,0.0001637127267
4.034675077e-06,0.0001540751535
4.338320668e-06,0.000167149797
5.060252555e-06,0.000194500625
5.931282527e-06,0.0002267982498
6.756621687e-06,0.0002568754225
7.416210751e-06,0.0002802148669
7.846987397e-06,0.0002951484338
8.01522043e-06,0.0003003863586
7.914680476e-06,0.0002959779912
7.563313932e-06,0.0002825254897
7.001466741e-06,0.0002613067904
6.293014307e-06,0.0002353957393
5.533144066e-06,0.0002087489308
4.864592931e-06,0.000186728305
4.481384925e-06,0.0001741614955
4.551996453e-06,0.0001762708511
5.073905265e-06,0.0001954547591
5.881585096e-06,0.0002251383258
6.785275326e-06,0.000259672774
7.640811214e-06,0.0002927654576
8.349084918e-06,0.0003194165156
8.843186119e-06,0.0003380192429
9.082941026e-06,0.0003466016148
9.050341698e-06,0.0003439765766
8.748936433e-06,0.0003309381813
8.201496171e-06,0.0003087298593
7.449250328e-06,0.0002790056954
6.553780727e-06,0.0002438945341
5.604727989e-06,0.0002080311975
4.734971346e-06,0.0001768561002
4.129904153e-06,0.0001572218267
3.971622545e-06,0.0001527753424
4.283599075e-06,0.0001642449633
4.895446875e-06,0.00018570018
5.601580829e-06,0.0002116296839
6.255823646e-06,0.0002348045602
6.770853417e-06,0.0002535047459
7.10189899e-06,0.0002654244801
7.236291198e-06,0.0002699693179
7.186353611e-06,0.0002679062568
6.983896252e-06,0.0002603538372
6.677016301e-06,0.0002494268501
6.328543214e-06,0.0002369040613
6.016434105e-06,0.0002271837128
5.822035299e-06,0.0002226270993
5.80897838e-06,0.0002251599375
5.99793609e-06,0.0002324555839
6.353173358e-06,0.0002448109045
6.807840087e-06,0.0002602862552
7.279211261e-06,0.0002758646008
7.688909959e-06,0.0002895376428
7.971812698e-06,0.0002985392678
8.08253673e-06,0.0003018686997
7.999174453e-06,0.000298408571
7.724080316e-06,0.000288138917
7.283518784e-06,0.000272586449
6.728017745e-06,0.0002531367849
6.134151683e-06,0.0002324353443
5.604335728e-06,0.0002137226589
5.252948177e-06,0.0002013747666
5.166453153e-06,0.0001995578191
5.353230377e-06,0.0002091060729
5.737525374e-06,0.0002243433291
6.204673684e-06,0.0002431118717
6.646259226e-06,0.0002601990783
6.978105244e-06,0.0002714380226
7.142881314e-06,0.0002754655372
7.109464023e-06,0.000272073408
6.873254812e-06,0.000260387453
6.456764496e-06,0.0002430133902
5.911462652e-06,0.000221349393
5.322401859e-06,0.0001991198513
4.813290605e-06,0.0001828244893
4.534424845e-06,0.0001756767683
4.601557251e-06,0.0001786610159
5.014265365e-06,0.0001940669991
5.66277478e-06,0.0002187271422
6.410177122e-06,0.0002480692728
7.142952919e-06,0.000276940394
7.777362423e-06,0.0003014627153
8.250794356e-06,0.0003194581596
8.522996708e-06,0.000329635068
8.571741559e-06,0.000330770575
8.391462083e-06,0.0003225967776
7.996943824e-06,0.0003062543325
7.424732315e-06,0.0002833034211
6.73506102e-06,0.0002566625021
6.014347096e-06,0.000229986801
5.374834293e-06,0.0002057972048
4.939211709e-06,0.0001903135996
4.795492243e-06,0.0001853592674
4.941288537e-06,0.0001914642964
5.284209551e-06,0.0002045332142
5.702027514e-06,0.000221783782
6.091327793e-06,0.0002361682817
6.382191332e-06,0.000246018458
6.536492012e-06,0.0002511328659
6.544000689e-06,0.0002514810163
6.419271995e-06,0.0002469640339
6.199414954e-06,0.0002389930895
5.941285463e-06,0.0002295089486
5.71551306e-06,0.0002208945365
5.592437314e-06,0.000217556942
5.618990352e-06,0.0002198234912
5.79906096e-06,0.0002271041079
6.093953656e-06,0.0002374324596
6.442680204e-06,0.0002489867631
6.784264314e-06,0.0002595337659
7.068908962e-06,0.0002677423483
7.266911871e-06,0.0002745392012
7.357707676e-06,0.0002770414113
7.335581167e-06,0.0002755872823
7.206845246e-06,0.0002701354756
6.993014661e-06,0.0002621941207
6.725041441e-06,0.0002521352065
6.449549886e-06,0.0002429150344
6.219391169e-06,0.0002352791085
6.083626751e-06,0.0002311729297
6.070382522e-06,0.0002310825849
6.173674049e-06,0.0002356161532
6.353625594e-06,0.0002432975946
6.551159131e-06,0.0002509272594
6.705907422e-06,0.0002571605507
6.768239674e-06,0.0002593906247
6.705104291e-06,0.0002565189864
6.501779486e-06,0.0002477460273
6.163089132e-06,0.0002337391072
5.714210059e-06,0.0002156530755
5.203464082e-06,0.0001942848092
4.706173536e-06,0.0001757193162
4.325751729e-06,0.0001617778015
4.174577273e-06,0.0001584928153
4.319444144e-06,0.0001667133596
4.730310119e-06,0.0001830352244
5.304700397e-06,0.0002033445522
5.942474936e-06,0.0002271547912
6.555586288e-06,0.0002511732123
7.083295191e-06,0.0002718166337
7.485406504e-06,0.0002875133011
7.738654509e-06,0.0002970444875
7.834772919e-06,0.000300066733
7.777854511e-06,0.0002968306219
7.582954406e-06,0.0002884036651
7.275584991e-06,0.0002763632163
6.88989928e-06,0.0002615305547
6.476868107e-06,0.0002467372643
6.08745802e-06,0.0002329632282
5.78389864e-06,0.0002217744466
5.615377516e-06,0.0002175326419
5.600403958e-06,0.0002183332206
5.716989269e-06,0.0002229717432
5.909916107e-06,0.0002298425768
6.111584468e-06,0.00023621663
6.260924717e-06,0.0002396432765
6.315209055e-06,0.0002393386401
6.253145177e-06,0.0002364171324
6.075572226e-06,0.0002291996039
5.806400961e-06,0.0002189198192
5.491802474e-06,0.000207574398
5.196094992e-06,0.0001978950264
4.99301664e-06,0.0001907784323
4.94660257e-06,0.0001911287142
5.084086497e-06,0.0001972248482
5.381772329e-06,0.0002091131646
5.778906406e-06,0.0002249558841
6.203122384e-06,0.0002416185456
6.588188826e-06,0.000255806926
6.88320955e-06,0.0002653836164
7.055658814e-06,0.0002692083737
7.091790902e-06,0.0002675698924
6.995415305e-06,0.0002618084574
6.78921813e-06,0.0002525211441
6.514282766e-06,0.0002426366055
6.22663931e-06,0.0002331759935
5.990799983e-06,0.0002258360155
5.867439638e-06,0.0002233697001
5.893838047e-06,0.0002263724584
6.067919585e-06,0.0002339223481
6.34892919e-06,0.0002450865619
6.672338153e-06,0.0002586902644
6.967133551e-06,0.0002707339116
7.168035931e-06,0.000278694862
7.221807445e-06,0.0002810132706
7.089995483e-06,0.000276245065
6.750778964e-06,0.0002632646881
6.201611191e-06,0.0002419455829
5.46213995e-06,0.0002131145082
4.579753183e-06,0.0001786661572
3.646624457e-06,0.0001408342495
2.847553953e-06,0.0001073545352
2.518031345e-06,9.419995191e-05
2.894711637e-06,0.0001123265306
3.740706235e-06,0.0001458723708
4.73053721e-06,0.0001851651011
5.683552733e-06,0.0002226114929
6.505116467e-06,0.000254272599
7.140127237e-06,0.0002783607698
7.560066028e-06,0.0002944669244
7.752067235e-06,0.0003019384124
7.720501699e-06,0.0003007968627
7.486505245e-06,0.0002911312922
7.089882736e-06,0.0002750668525
6.590307206e-06,0.0002550800895
6.067573562e-06,0.0002338896516
5.617591126e-06,0.0002164122993
5.335713809e-06,0.0002047931755
5.283204459e-06,0.0002016101524
5.454745433e-06,0.0002068420538
5.781699288e-06,0.00021834365
6.167987069e-06,0.0002335309608
6.523812966e-06,0.0002487525224
6.779799176e-06,0.0002605326669
6.888470529e-06,0.0002660344234
6.82263561e-06,0.0002644530476
6.574674942e-06,0.0002558190278
6.157404656e-06,0.0002396109279
5.606821178e-06,0.0002176497899
4.988274558e-06,0.0001928550829
4.404454954e-06,0.000169717835
3.995290511e-06,0.0001535240412
3.896659866e-06,0.0001495260091
4.146397057e-06,0.0001590219593
4.64863774e-06,0.0001798317657
5.257019222e-06,0.00020401187
5.850086933e-06,0.000226682276
6.346579735e-06,0.0002452790701
6.697868638e-06,0.0002582966169
6.88037427e-06,0.0002648604866
6.890865718e-06,0.0002646998524
6.746002929e-06,0.0002589101672
6.480803032e-06,0.0002491666209
6.14908045e-06,0.0002369480879
5.821129266e-06,0.0002244373908
5.583253976e-06,0.0002145976821
5.502976618e-06,0.0002107097841
5.615866776e-06,0.0002149972829
5.900819983e-06,0.0002248694766
6.292148485e-06,0.0002392382435
6.70753546e-06,0.000255766252
7.069747676e-06,0.0002704880816
7.31602694e-06,0.0002812584223
7.399852639e-06,0.0002856025301
7.290228146e-06,0.0002821440336
6.970205759e-06,0.0002702868281
6.436252625e-06,0.0002497772269
5.698759273e-06,0.000221181133
4.784536862e-06,0.0001858929222
3.744093183e-06,0.0001456628522
2.680254488e-06,0.0001039962446
1.864459812e-06,7.033881117e-05
1.881668532e-06,7.10029912e-05
2.728656903e-06,0.0001054613236
3.827378132e-06,0.0001480805891
4.907083822e-06,0.0001898562235
5.85823772e-06,0.0002269763768
6.621756235e-06,0.0002565916417
7.162659779e-06,0.0002772823023
7.463394254e-06,0.0002883547012
7.522173766e-06,0.0002897269101
7.352979973e-06,0.0002820277256
6.986330617e-06,0.0002668398906
6.471862012e-06,0.0002463651461
5.882025935e-06,0.0002231717967
5.316342939e-06,0.0002003929662
4.894100996e-06,0.0001842253772
4.741276829e-06,0.0001797253758
4.891056547e-06,0.0001864639524
5.288532773e-06,0.0002022487768
5.813033155e-06,0.0002227599369
6.343785841e-06,0.0002434734213
6.78541481e-06,0.0002614824047
7.072386547e-06,0.0002735783267
7.163553967e-06,0.0002778200539
7.03909951e-06,0.000273476096
6.697457283e-06,0.0002603762127
6.156552594e-06,0.0002394411195
5.454262997e-06,0.0002120117837
4.656289787e-06,0.0001799715921
3.87240959e-06,0.0001479466229
3.280565452e-06,0.0001248042642
3.104053421e-06,0.0001191454767
3.423677794e-06,0.0001331562068
4.070172187e-06,0.0001588361071
4.819764089e-06,0.0001885037444
5.520936204e-06,0.0002160734258
6.085710143e-06,0.00023827393
6.466311576e-06,0.0002528010222
6.64324749e-06,0.0002585874617
6.621427319e-06,0.0002565412177
6.427788209e-06,0.0002482600709
6.111710067e-06,0.000235265942
5.746334318e-06,0.000220933917
5.423081185e-06,0.0002089825468
5.238658254e-06,0.0002021211689
5.262914691e-06,0.0002033397012
5.504129962e-06,0.0002122249511
5.905633893e-06,0.0002261624487
6.376437047e-06,0.0002441438667
6.824430874e-06,0.0002622868608
7.172607346e-06,0.0002766017207
7.363357323e-06,0.0002845548637
7.358091166e-06,0.0002848384843
7.135757858e-06,0.0002765310002
6.691859866e-06,0.0002593665093
6.037783478e-06,0.000233898206
5.201574988e-06,0.0002015589064
4.231923669e-06,0.0001639505819
3.214267377e-06,0.0001245675499
2.32880613e-06,8.988811268e-05
1.971294804e-06,7.466985528e-05
2.430317762e-06,9.384817128e-05
3.335938331e-06,0.0001300606477
4.324723197e-06,0.0001691766891
5.237229983e-06,0.0002049512644
5.995578898e-06,0.0002343238398
6.555606571e-06,0.0002558778351
6.894332272e-06,0.0002689581549
7.005970796e-06,0.0002732328784
6.90167598e-06,0.0002692547512
6.610280607e-06,0.0002577663754
6.180786875e-06,0.0002405775682
5.681702191e-06,0.000220398544
5.202447712e-06,0.0002008195422
4.847380361e-06,0.0001874609053
4.710086265e-06,0.0001821417794
4.828867521e-06,0.000185849727
5.163354481e-06,0.0001983255401
5.621446124e-06,0.0002156552253
6.104624784e-06,0.0002347282272
6.531866135e-06,0.0002518703577
6.843987412e-06,0.0002648738972
7.001898119e-06,0.0002718345738
6.983824721e-06,0.000271858333
6.783787191e-06,0.0002645294336
6.411122198e-06,0.0002501672171
5.890606574e-06,0.0002297509203
5.264448655e-06,0.0002049368001
4.596546475e-06,0.0001779736609
3.979678632e-06,0.0001521829676
3.537909375e-06,0.0001331021206
3.392857902e-06,0.0001259723721
3.577225776e-06,0.0001340831792
3.998804276e-06,0.000151800638
4.519917764e-06,0.000173444745
5.029181916e-06,0.0001942861493
5.454318616e-06,0.0002116587292
5.754642785e-06,0.0002234843825
5.914252792e-06,0.0002296614906
5.938566337e-06,0.0002303938083
5.852793163e-06,0.0002265643936
5.70025567e-06,0.0002201540686
5.538513895e-06,0.0002132084842
5.430268277e-06,0.0002075600072
5.427435756e-06,0.0002057877306
5.553299027e-06,0.0002098201643
5.793794074e-06,0.0002186900327
6.104762018e-06,0.0002311909902
6.428283947e-06,0.0002443102955
6.706987496e-06,0.0002558368507
6.892115954e-06,0.0002643512
6.946731136e-06,0.0002673134435
6.846750995e-06,0.0002641364934
6.581468552e-06,0.0002542666058
6.15435881e-06,0.0002380933452
5.584963922e-06,0.00021703166
4.912666465e-06,0.0001920678802
4.204498982e-06,0.0001653106227
3.569037074e-06,0.0001403742979
3.164311953e-06,0.0001219412976
3.139840516e-06,0.0001177296499
3.496381008e-06,0.000130259709
4.081698313e-06,0.0001530855482
4.731967993e-06,0.000179457234
5.334207267e-06,0.0002039619723
5.818670614e-06,0.0002235625887
6.14460649e-06,0.0002370450506
6.292685723e-06,0.0002436458885
6.262273033e-06,0.000242845505
6.071154313e-06,0.0002353291829
5.756590931e-06,0.0002222075496
5.376877778e-06,0.0002069941731
5.011104577e-06,0.0001926900376
4.751022897e-06,0.0001817333119
4.676169118e-06,0.0001770193484
4.816939115e-06,0.0001819692153
5.137820392e-06,0.0001935919914
5.560601834e-06,0.0002089718013
6.000646288e-06,0.0002250134142
6.387876681e-06,0.0002394447157
6.672125573e-06,0.0002504041285
6.821935079e-06,0.0002569465151
6.822100689e-06,0.0002582134175
6.671694625e-06,0.0002538873707
6.382888449e-06,0.0002446590971
5.980553185e-06,0.0002309000037
5.502486113e-06,0.0002139027752
4.999744324e-06,0.0001944670443
4.535510201e-06,0.0001758746534
4.178357585e-06,0.0001620189029
3.984233808e-06,0.0001543084248
3.970530596e-06,0.0001538671156
4.104535142e-06,0.0001585898018
4.321956989e-06,0.0001677161615
4.556900028e-06,0.0001767317396
4.760207307e-06,0.000183758354
4.904515482e-06,0.0001885490092
4.983259021e-06,0.0001910203283
5.008051284e-06,0.0001929510411
5.00522431e-06,0.0001936042158
5.010475049e-06,0.0001952244173
5.060421996e-06,0.0001979863829
5.181613203e-06,0.0002024398223
5.381151993e-06,0.0002100250542
5.643815504e-06,0.0002200369802
5.937114054e-06,0.0002310954969
6.220562599e-06,0.0002419611432
6.454370911e-06,0.0002508352447
6.605381373e-06,0.0002563892685
6.650374867e-06,0.0002576384601
6.577604226e-06,0.0002544542016
6.387304905e-06,0.0002463186401
6.091716434e-06,0.0002344104783
5.714961281e-06,0.0002196004299
5.292970434e-06,0.0002031454074
4.873114535e-06,0.0001873058266
4.511802346e-06,0.0001732508149
4.266214699e-06,0.0001641083334
4.177131642e-06,0.0001604152808
4.249667233e-06,0.0001622443378
4.449149405e-06,0.0001691687701
4.717414704e-06,0.000179275573
4.993947114e-06,0.0001905444464
5.228579752e-06,0.0002009616052
5.385807045e-06,0.0002086141309
5.4446356e-06,0.0002118241268
5.401393225e-06,0.0002110267191
5.264842328e-06,0.0002058837178
5.0591476e-06,0.0001976383923
4.824155667e-06,0.0001878444165
4.612728483e-06,0.0001782496012
4.483315942e-06,0.0001722609675
4.483989657e-06,0.0001712492605
4.633548802e-06,0.0001755652956
4.912685227e-06,0.0001854038695
5.274266524e-06,0.0001980022435
5.66170002e-06,0.0002125084718
6.022470201e-06,0.0002266032362
6.314866634e-06,0.0002387013912
6.509892222e-06,0.0002473910638
6.591513894e-06,0.0002524031597
6.555755717e-06,0.0002528188873
6.410193888e-06,0.0002489829886
6.17251368e-06,0.0002404102622
5.869339234e-06,0.0002285276503
5.534110536e-06,0.0002149070502
5.204169916e-06,0.0002008786221
4.916042516e-06,0.0001889014689
4.698819835e-06,0.000179560924
4.56643681e-06,0.0001734241907
4.513473611e-06,0.0001709121092
4.516741927e-06,0.0001713540325
4.543573237e-06,0.0001733210663
4.561673135e-06,0.0001747637629
4.547074147e-06,0.0001745447732
4.489415488e-06,0.0001729121521
4.394926224e-06,0.0001704249968
4.287550223e-06,0.0001672450402
4.20693383e-06,0.0001644552529
4.200341597e-06,0.0001640174941
4.306942644e-06,0.0001669725975
4.540340064e-06,0.0001742103802
4.881657592e-06,0.0001851941911
5.287823232e-06,0.0001992936032
5.706038652e-06,0.0002144714327
6.085258923e-06,0.0002282442757
6.382185202e-06,0.0002394893414
6.563998631e-06,0.0002468218433
6.609680013e-06,0.0002493865226
6.510987948e-06,0.0002466433065
6.273511225e-06,0.0002384546938
5.917957097e-06,0.0002258626071
5.481705965e-06,0.0002093257318
5.020331978e-06,0.0001914563346
4.606631294e-06,0.0001759285502
4.321132849e-06,0.000165852802
4.226393145e-06,0.0001635865347
4.333438286e-06,0.000167749855
4.593180662e-06,0.000175625619
4.924218759e-06,0.0001857083717
5.245952852e-06,0.0001962078149
5.494625628e-06,0.0002044763422
5.626149307e-06,0.0002088585883
5.614534139e-06,0.0002081492477
5.450262276e-06,0.0002023403706
5.139972772e-06,0.0001914724551
4.708098728e-06,0.0001769402646
4.201372168e-06,0.0001594652499
3.697189891e-06,0.0001417662796
3.31139478e-06,0.0001274713202
3.178941226e-06,0.0001223258036
3.37206819e-06,0.0001297444916
3.834097199e-06,0.0001461379346
4.438118247e-06,0.0001679935433
5.068722701e-06,0.0001904304124
5.644354479e-06,0.0002112071536
6.111706033e-06,0.0002287125187
6.437854818e-06,0.0002416391017
6.608269659e-06,0.0002485824711
6.621981658e-06,0.0002494164213
6.49170525e-06,0.0002448740672
6.243438944e-06,0.0002362571346
5.915592292e-06,0.0002249635021
5.557192798e-06,0.0002122283939
5.223402276e-06,0.0002008106859
4.966352171e-06,0.0001917554879
4.820988445e-06,0.0001850424914
4.791825105e-06,0.0001823824807
4.850759523e-06,0.000183190387
4.948885299e-06,0.0001867304239
5.033426612e-06,0.0001905376133
5.060255163e-06,0.0001922647097
4.999885839e-06,0.0001902327793
4.839472141e-06,0.0001838823725
4.583654061e-06,0.0001737094665
4.256128877e-06,0.000160035686
3.902718191e-06,0.0001461416866
3.594263697e-06,0.000134733893
3.420488501e-06,0.0001282406069
3.458812013e-06,0.0001321660431
3.72641521e-06,0.0001433485406
4.169445687e-06,0.0001606749877
4.701969316e-06,0.0001812185868
5.242696052e-06,0.0002021286654
5.727436038e-06,0.000220479238
6.109207903e-06,0.0002352719645
6.356333777e-06,0.0002453929372
6.45094694e-06,0.0002495137821
6.388633726e-06,0.0002471397038
6.178743722e-06,0.0002385760902
5.845258156e-06,0.0002250616634
5.428294716e-06,0.0002087060684
4.985758321e-06,0.0001916695884
4.592725653e-06,0.0001768752882
4.33181565e-06,0.000167370755
4.266379502e-06,0.000164282407
4.406108614e-06,0.0001692204993
4.699374554e-06,0.0001799682383
5.062213451e-06,0.0001927695133
5.411398941e-06,0.0002049264103
5.680063829e-06,0.0002145711785
5.820356243e-06,0.0002199353717
5.801787212e-06,0.0002191155559
5.609229564e-06,0.0002120723926
5.241644937e-06,0.0001987243176
4.708936751e-06,0.0001792724893
4.047202895e-06,0.0001551685315
3.306037976e-06,0.0001278695865
2.585062371e-06,0.0001010153957
2.087196194e-06,8.162935073e-05
2.097915202e-06,8.14631342e-05
2.632229417e-06,0.0001008314409
3.416926677e-06,0.0001288677934
4.24738422e-06,0.0001591562808
5.016962944e-06,0.0001879155217
5.665702136e-06,0.0002126335073
6.156573799e-06,0.0002313591889
6.469010218e-06,0.0002434581128
6.59603076e-06,0.0002484638118
6.544323536e-06,0.0002467246368
6.33458657e-06,0.0002394277588
6.001711884e-06,0.0002277307847
5.5954307e-06,0.0002131702024
5.179036924e-06,0.0001978271625
4.824423073e-06,0.0001846549952
4.597855981e-06,0.0001753403001
4.535880331e-06,0.0001719751637
4.626435189e-06,0.0001748899026
4.814166598e-06,0.0001832013387
5.02554347e-06,0.0001921264776
5.192868633e-06,0.0001993430484
5.264835267e-06,0.0002024098183
5.209669722e-06,0.0002006645693
5.014913845e-06,0.0001931362036
4.687136269e-06,0.0001805459876
4.253690647e-06,0.000164322942
3.767490188e-06,0.0001455886987
3.315383239e-06,0.0001271311076
3.021338357e-06,0.0001146815645
3.007350851e-06,0.0001150900395
3.300518491e-06,0.0001265662621
3.809042237e-06,0.0001450671858
4.406939086e-06,0.000167171363
4.993363726e-06,0.0001892132256
5.498796574e-06,0.0002082671112
5.877672448e-06,0.0002228721298
6.102656579e-06,0.0002316008035
6.162208463e-06,0.0002339497169
6.06045581e-06,0.0002302265867
5.817204087e-06,0.0002208875985
5.469552067e-06,0.0002072864439
5.073324042e-06,0.0001925111967
4.70240086e-06,0.0001790639187
4.440622461e-06,0.0001702106639
4.357664836e-06,0.0001678268469
4.474926758e-06,0.000171837636
4.752035895e-06,0.0001808485876
5.11012358e-06,0.0001923164821
5.465417331e-06,0.0002044284562
5.74806061e-06,0.0002148678293
5.906710796e-06,0.000221195491
5.907479673e-06,0.0002215867296
5.731932954e-06,0.0002152336696
5.375479873e-06,0.0002018907697
4.846340858e-06,0.0001818936095
4.165523257e-06,0.0001562068859
3.369298824e-06,0.0001262338331
2.520532054e-06,9.425352292e-05
1.756327882e-06,6.562802335e-05
1.42519839e-06,5.366961313e-05
1.832977118e-06,6.892617922e-05
2.626805474e-06,9.79470217e-05
3.48926005e-06,0.0001300339559
4.298496308e-06,0.00016028252
4.997811719e-06,0.0001864691158
5.554570956e-06,0.0002075767964
5.950107795e-06,0.0002226206596
6.177176977e-06,0.000231584963
6.239561453e-06,0.0002344994732
6.152293446e-06,0.0002319031244
5.941928948e-06,0.0002249329542
5.646541644e-06,0.0002150499047
5.314753017e-06,0.0002039842639
5.002332791e-06,0.0001932217869
4.763976222e-06,0.0001839957948
4.639282086e-06,0.000179230269
4.638063721e-06,0.0001796153789
4.735940092e-06,0.000183263203
4.885069837e-06,0.0001887296254
5.031348491e-06,0.0001937120483
5.12739646e-06,0.0001962464651
5.13877282e-06,0.0001960129942
5.045865955e-06,0.0001914642189
4.844212299e-06,0.0001822566446
4.54486915e-06,0.0001696082187
4.175675818e-06,0.0001549197123
3.783740467e-06,0.0001407452696
3.437533987e-06,0.0001295430877
3.220775421e-06,0.000122625453
3.203738233e-06,0.0001227449113
3.399189861e-06,0.0001315212882
3.75324315e-06,0.0001465237842
4.18379659e-06,0.0001639662496
4.616413656e-06,0.0001810812905
4.995825171e-06,0.0001953812339
5.285224491e-06,0.0002055338433
5.463679284e-06,0.000210733184
5.524535586e-06,0.0002112750249
5.474930753e-06,0.0002078056598
5.335902387e-06,0.0002013161639
5.142260027e-06,0.0001931890473
4.940850827e-06,0.0001852627147
4.78482267e-06,0.0001800103449
4.72155399e-06,0.0001792259839
4.776326671e-06,0.0001823259689
4.941221556e-06,0.0001893117319
5.178271617e-06,0.0001991672823
5.433746421e-06,0.0002094513116
5.652787943e-06,0.0002172964031
5.788365333e-06,0.000221770813
5.805031768e-06,0.0002216830255
5.679896607e-06,0.0002160095283
5.402558925e-06,0.0002046416599
4.974883389e-06,0.0001876207101
4.411263021e-06,0.0001658045409
3.740516078e-06,0.0001406206028
3.012616339e-06,0.0001137361564
2.319735593e-06,8.824756431e-05
1.846347235e-06,7.109031274e-05
1.848135713e-06,7.216800385e-05
2.318325311e-06,9.060078786e-05
2.997708917e-06,0.0001166422242
3.705456389e-06,0.0001428059061
4.353568623e-06,0.0001662730303
4.896298154e-06,0.00018625945
5.309043948e-06,0.0002013378331
5.581291123e-06,0.0002111912676
5.714233634e-06,0.0002159468043
5.719902039e-06,0.0002161221928
5.620617159e-06,0.0002129087432
5.448124571e-06,0.0002068634347
5.241681336e-06,0.0001993047022
5.044039555e-06,0.0001919102196
4.894364557e-06,0.0001866706923
4.81875884e-06,0.0001835614703
4.822259658e-06,0.0001834705366
4.887565383e-06,0.0001861069236
4.981832783e-06,0.0001901739933
5.067229134e-06,0.0001938014637
5.109969415e-06,0.0001961949822
5.085740649e-06,0.0001961670327
4.982131886e-06,0.0001927649306
4.799380155e-06,0.0001858663708
4.550367278e-06,0.0001760418035
4.260251126e-06,0.0001647236349
3.96543958e-06,0.0001532622806
3.710468304e-06,0.000143383622
3.540098666e-06,0.0001364943082
3.48539371e-06,0.0001340648812
3.549938863e-06,0.0001361508806
3.708195397e-06,0.0001415823326
3.918253348e-06,0.0001494999789
4.137618718e-06,0.0001573759018
4.33286399e-06,0.0001647780505
4.483001356e-06,0.0001710585968
4.579681896e-06,0.0001751340693
4.626254507e-06,0.0001765850446
4.63625605e-06,0.0001763734065
4.631067987e-06,0.0001756433459
4.636157051e-06,0.0001764442284
4.675604707e-06,0.0001788495147
4.765729208e-06,0.0001831896657
4.91000294e-06,0.0001894246001
5.097028432e-06,0.0001973666893
5.304032296e-06,0.0002057188162
5.504607478e-06,0.0002128557714
5.667816525e-06,0.0002178247862
5.765909055e-06,0.0002197688371
5.776939843e-06,0.0002190330756
5.685995145e-06,0.0002142232348
5.486303304e-06,0.0002056479607
5.179949555e-06,0.0001934309153
4.77862365e-06,0.0001787078103
4.304709106e-06,0.0001618096963
3.793588086e-06,0.0001438657823
3.297348951e-06,0.0001265023558
2.889047503e-06,0.0001121441047
2.65517564e-06,0.0001035163812
2.656120041e-06,0.0001037074976
2.875226543e-06,0.000112627101
3.232148564e-06,0.0001255092347
3.640572416e-06,0.0001397895726
4.037438506e-06,0.0001532691778
4.383350379e-06,0.0001648442426
4.656586419e-06,0.0001746263442
4.848574991e-06,0.0001814001186
4.96115958e-06,0.0001856078192
5.004871816e-06,0.0001878584833
4.997161965e-06,0.000188838795
4.960353682e-06,0.0001889416662
4.918473449e-06,0.000188443968
4.893200418e-06,0.000187844642
4.899234767e-06,0.0001879684722
4.940856721e-06,0.0001893761355
5.010939625e-06,0.0001918744246
5.093144457e-06,0.0001950156265
5.166097934e-06,0.0001978781764
5.208073503e-06,0.0001999976212
5.200917309e-06,0.0002000606364
5.132833383e-06,0.0001973892813
5.000227528e-06,0.0001918803158
4.808723037e-06,0.0001838678736
4.573486505e-06,0.0001739620461
4.318649925e-06,0.0001640859156
4.075233142e-06,0.0001549907105
3.87633369e-06,0.0001485971575
3.749073357e-06,0.0001452817322
3.705191477e-06,0.000144994088
3.735850375e-06,0.0001460789369
3.81501607e-06,0.0001485426481
3.909179786e-06,0.0001521682713
3.987269702e-06,0.0001551306187
4.02718565e-06,0.0001573514414
4.019041923e-06,0.000157164234
3.966634654e-06,0.0001548458561
3.887847386e-06,0.0001514738474
3.813446833e-06,0.0001475925328
3.782541193e-06,0.0001450701342
3.83270982e-06,0.000146341006
3.986438398e-06,0.000151453897
4.24142219e-06,0.0001604583066
4.571730161e-06,0.0001737011721
4.93748931e-06,0.0001890143044
5.295326119e-06,0.0002038798703
5.605122845e-06,0.000216324822
5.833277073e-06,0.0002254288637
5.95458449e-06,0.0002302624625
5.952133273e-06,0.0002300252691
5.818276436e-06,0.0002245395608
5.554954786e-06,0.0002139373394
5.174327801e-06,0.0001988533431
4.699883436e-06,0.0001799469642
4.168478585e-06,0.0001587307992
3.633853106e-06,0.0001379637275
3.170373754e-06,0.0001206502975
2.867915023e-06,0.000110045716
2.79707522e-06,0.0001084903476
2.953876657e-06,0.0001155710234
3.258701225e-06,0.0001276005998
3.614960839e-06,0.000141475697
3.948708544e-06,0.000154009886
4.213932722e-06,0.0001636259235
4.3871491e-06,0.0001695230587
4.462572182e-06,0.000172003225
4.449305116e-06,0.0001713971607
4.369638375e-06,0.0001678024796
4.257249016e-06,0.0001624652658
4.15368584e-06,0.0001576918412
4.10123993e-06,0.0001549566489
4.131877005e-06,0.0001561502452
4.256353871e-06,0.000161829152
4.460720003e-06,0.0001705595081
4.712747666e-06,0.0001806462415
4.972946903e-06,0.000190747104
5.203706922e-06,0.0001998148848
5.374459424e-06,0.0002067215213
5.463887321e-06,0.0002103475295
5.460657316e-06,0.0002103090748
5.363575401e-06,0.0002067923763
5.181536969e-06,0.0001999106432
4.933324625e-06,0.0001908982716
4.647037019e-06,0.0001798801888
4.358466183e-06,0.0001683546601
4.107102712e-06,0.0001585344729
3.928293688e-06,0.0001512635888
3.842213219e-06,0.0001475281029
3.845108048e-06,0.0001477896768
3.909925817e-06,0.0001512622035
3.996481273e-06,0.0001548598689
4.063856763e-06,0.0001575264194
4.079088167e-06,0.0001581747863
4.021543667e-06,0.0001562542717
3.885013454e-06,0.0001515010734
3.679402244e-06,0.0001438464692
3.433081502e-06,0.0001338827759
3.195473318e-06,0.0001240033446
3.035392488e-06,0.0001168619127
3.024279417e-06,0.0001156610504
3.200642321e-06,0.0001224217341
3.545874291e-06,0.000136190221
4.000741472e-06,0.000153977067
4.497493315e-06,0.0001730461373
4.977302135e-06,0.0001914499803
5.393882458e-06,0.0002076485078
5.712463963e-06,0.000220005816
5.908430578e-06,0.0002275620339
5.966552809e-06,0.000229821092
5.880753037e-06,0.000226323525
5.654251154e-06,0.0002173203488
5.300066599e-06,0.000203436229
4.842057936e-06,0.0001856386291
4.316940473e-06,0.0001654209017
3.777820711e-06,0.0001449928324
3.298426351e-06,0.0001268662501
2.970145783e-06,0.0001142100268
2.871207943e-06,0.000110457622
3.009278682e-06,0.0001155221133
3.309499452e-06,0.0001274810466
3.670461136e-06,0.000142201919
4.009616132e-06,0.0001555843489
4.272075639e-06,0.0001655192753
4.425886252e-06,0.0001710221326
4.457316329e-06,0.0001716633053
4.368497654e-06,0.0001680250692
4.177016451e-06,0.0001604883358
3.916931722e-06,0.000150147961
3.640313474e-06,0.0001391456646
3.416006616e-06,0.0001306063079
3.317482018e-06,0.000126871458
3.39358384e-06,0.0001302692418
3.640352193e-06,0.0001396068373
4.00615695e-06,0.0001535340248
4.42227333e-06,0.0001687340518
4.826392616e-06,0.000183748153
5.170218072e-06,0.0001969666246
5.420867272e-06,0.0002064509108
5.558050415e-06,0.0002116713492
5.573581531e-06,0.0002122255162
5.472094699e-06,0.000208261042
5.267919907e-06,0.0002004142079
4.986585862e-06,0.0001896585012
4.66423812e-06,0.0001775505136
4.345510562e-06,0.0001654688895
4.078284422e-06,0.0001556251384
3.902792699e-06,0.0001494379108
3.837213601e-06,0.0001481621778
3.868400961e-06,0.0001507705665
3.956826032e-06,0.0001549718295
4.051933496e-06,0.0001586414739
4.106745535e-06,0.000160596571
4.086031339e-06,0.0001597277147
3.969492752e-06,0.0001552011725
3.753160453e-06,0.0001467849229
3.451413113e-06,0.0001348905256
3.10132487e-06,0.0001208011823
2.770075616e-06,0.000107128323
2.558229568e-06,9.818596251e-05
2.569998697e-06,9.808143964e-05
2.83853692e-06,0.0001083586047
3.299474494e-06,0.0001260520425
3.853516132e-06,0.0001475076514
4.416568063e-06,0.0001699609526
4.927802811e-06,0.0001901944157
5.344584488e-06,0.0002065528448
5.637980102e-06,0.000218073605
5.790007504e-06,0.0002239691729
5.793977538e-06,0.0002240378521
5.652562201e-06,0.0002183586059
5.378564166e-06,0.0002074086784
4.995784783e-06,0.0001921458304
4.540146807e-06,0.0001738276347
4.061674596e-06,0.0001548458844
3.62592011e-06,0.0001383423899
3.309283875e-06,0.000126291854
3.176780282e-06,0.0001213684136
3.244070225e-06,0.0001239759013
3.46286232e-06,0.0001329453379
3.752066582e-06,0.0001445443566
4.035402324e-06,0.0001560703012
4.256502217e-06,0.0001649936848
4.379193107e-06,0.0001699647494
4.38442934e-06,0.0001704480351
4.268025716e-06,0.000166366388
4.039858709e-06,0.0001576986783
3.724759127e-06,0.0001452217195
3.36530736e-06,0.0001310325282
3.0260226e-06,0.0001172755577
2.792785608e-06,0.000107121229
2.749732075e-06,0.0001040198535
2.928018302e-06,0.0001103129353
3.282310654e-06,0.0001241974037
3.730437238e-06,0.0001421625116
4.196964196e-06,0.0001605144687
4.626512627e-06,0.0001771137412
4.98183289e-06,0.000190882311
5.239875922e-06,0.000201286907
5.389106157e-06,0.0002075167199
5.427957175e-06,0.0002095233948
5.363913229e-06,0.0002073761188
5.212837171e-06,0.0002016863111
4.998149845e-06,0.0001933724396
4.749426241e-06,0.0001835187293
4.499778486e-06,0.0001737945173
4.281259827e-06,0.0001650761919
4.118176956e-06,0.0001579720916
4.020085957e-06,0.0001537357514
3.978275797e-06,0.0001520954815
3.968597927e-06,0.0001515169539
3.95926838e-06,0.0001513803575
3.91942909e-06,0.0001502967667
3.825521306e-06,0.0001473073654
3.665212914e-06,0.0001420345961
3.440110427e-06,0.0001340014756
3.168675234e-06,0.0001237960292
2.890149379e-06,0.0001133790315
2.667410166e-06,0.0001050373299
2.578241367e-06,0.0001003566705
2.68004623e-06,0.0001028943206
2.968947285e-06,0.0001126569209
3.386607333e-06,0.000128257805
3.860661721e-06,0.0001466097154
4.329393738e-06,0.0001646691154
4.74629588e-06,0.0001806539163
5.078132753e-06,0.0001934103088
5.302855381e-06,0.0002019903116
5.408459836e-06,0.0002059050782
5.392546086e-06,0.0002051490058
5.262286815e-06,0.0002001457563
5.034651451e-06,0.0001915986628
4.736757688e-06,0.0001807475946
4.406013994e-06,0.0001682956169
4.088987531e-06,0.0001562617183
3.836541283e-06,0.0001465388331
3.692180557e-06,0.0001407922473
3.675220892e-06,0.0001399484905
3.770294839e-06,0.0001436764947
3.934061396e-06,0.0001504586355
4.113000193e-06,0.0001580536922
4.258259211e-06,0.0001640996742
4.332522024e-06,0.0001671548387
4.311644039e-06,0.0001664115841
4.184433702e-06,0.0001615187629
3.952379321e-06,0.0001526684198
3.630187507e-06,0.0001403342548
3.247902359e-06,0.0001260110323
2.855476761e-06,0.0001110987182
2.528502923e-06,9.807471739e-05
2.362226451e-06,9.169211604e-05
2.426392974e-06,9.434499566e-05
2.70607491e-06,0.0001047367222
3.119457869e-06,0.0001200928183
3.58090251e-06,0.0001373194929
4.028175205e-06,0.0001543664643
4.421209195e-06,0.0001695888599
4.736129431e-06,0.0001817032799
4.961099354e-06,0.0001900286838
5.093860818e-06,0.000194862923
5.140078856e-06,0.000196464898
5.111882078e-06,0.0001952436279
5.026229492e-06,0.0001919754093
4.902870017e-06,0.0001870377461
4.761777572e-06,0.000181667387
4.620165112e-06,0.0001765425187
4.489548084e-06,0.0001717217074
4.373688247e-06,0.0001670409246
4.268270252e-06,0.0001630079681
4.162621218e-06,0.0001594018524
4.042972641e-06,0.0001551144534
3.896299627e-06,0.0001498717622
3.713929427e-06,0.0001428953941
3.494622614e-06,0.0001345760882
3.247278592e-06,0.0001256174648
2.993458792e-06,0.0001169090284
2.769029545e-06,0.0001087133109
2.621504702e-06,0.0001028254676
2.596657522e-06,0.0001010927927
2.715040663e-06,0.0001037852107
2.958707934e-06,0.0001113306521
3.283499334e-06,0.0001229358379
3.640440268e-06,0.0001368318812
3.987921259e-06,0.0001505264914
4.294715105e-06,0.0001629952079
4.539497651e-06,0.0001731677433
4.709855129e-06,0.0001801273257
4.801530152e-06,0.0001838309066
4.81788167e-06,0.0001845429328
4.769359033e-06,0.0001826053759
4.672736926e-06,0.0001786078517
4.549784316e-06,0.000173120327
4.424962838e-06,0.0001682105455
4.321838813e-06,0.000164397827
4.258433576e-06,0.0001622736282
4.242765259e-06,0.0001623759012
4.270581843e-06,0.0001643902766
4.326588438e-06,0.0001669452872
4.388525334e-06,0.0001698878371
4.432099021e-06,0.0001720392574
4.435077704e-06,0.0001720457554
4.379995427e-06,0.0001697839089
4.255721774e-06,0.000164934876
4.058401958e-06,0.0001570909128
3.792244839e-06,0.0001466201336
3.47060029e-06,0.0001344824397
3.117787419e-06,0.0001215236345
2.77190928e-06,0.0001089628707
2.487068892e-06,9.824304108e-05
2.327325532e-06,9.118099857e-05
2.340071758e-06,8.918262536e-05
2.521955302e-06,9.568990072e-05
2.822376426e-06,0.0001079493419
3.179362693e-06,0.0001224476476
3.543171432e-06,0.0001368200517
3.880278248e-06,0.0001498106052
4.17049002e-06,0.0001608663758
4.403752364e-06,0.0001694114257
4.577778131e-06,0.000175938801
4.696178479e-06,0.0001803672478
4.766699162e-06,0.0001828890539
4.799334846e-06,0.0001845473149
4.80429137e-06,0.0001853481583
4.789965644e-06,0.0001850058431
4.761278667e-06,0.0001836140114
4.718747876e-06,0.000181191003
4.658558667e-06,0.0001779891077
4.573630691e-06,0.0001737172743
4.455413503e-06,0.0001687191726
4.296031137e-06,0.000162464894
4.090463888e-06,0.0001544333551
3.838640507e-06,0.0001448884221
3.547522486e-06,0.0001342333239
3.233399676e-06,0.0001231374818
2.924445771e-06,0.0001122267662
2.662336081e-06,0.0001026962441
2.498150108e-06,9.663711974e-05
2.474827426e-06,9.637188405e-05
2.600953848e-06,0.0001011694442
2.843597959e-06,0.000109221188
3.149416392e-06,0.0001195137396
3.467484949e-06,0.0001304337203
3.75854002e-06,0.0001408913071
3.99578213e-06,0.0001496207113
4.163629943e-06,0.000156343551
4.256694084e-06,0.0001603875034
4.279207091e-06,0.0001619770142
4.244580537e-06,0.0001615871493
4.174556768e-06,0.0001596157717
4.097191476e-06,0.0001571867439
4.042765092e-06,0.0001555921584
4.037278613e-06,0.0001554737263
4.095031103e-06,0.0001572493818
4.213837882e-06,0.0001605508035
4.375831694e-06,0.0001655180958
4.553079578e-06,0.0001712655865
4.714495635e-06,0.0001767223956
4.831239062e-06,0.0001810767805
4.879910841e-06,0.00018309261
4.844099223e-06,0.0001822327358
4.715002249e-06,0.0001777673386
4.491648605e-06,0.0001696525715
4.181063124e-06,0.0001583748496
3.798694748e-06,0.0001442725322
3.369537676e-06,0.0001281226822
2.930517218e-06,0.000111119956
2.534122722e-06,9.571874842e-05
2.248899163e-06,8.566297538e-05
2.141210112e-06,8.137343383e-05
2.230172869e-06,8.309024534e-05
2.46737915e-06,9.106007065e-05
2.777513492e-06,0.0001033807208
3.099086593e-06,0.0001164344998
3.393523711e-06,0.0001281964904
3.640841533e-06,0.0001379991241
3.834660768e-06,0.0001454624497
3.978668424e-06,0.0001510175737
4.08379865e-06,0.0001550413055
4.165308581e-06,0.0001584456176
4.239340354e-06,0.0001617207037
4.31913168e-06,0.000165187907
4.411644432e-06,0.0001688942868
4.515659663e-06,0.0001726569735
4.621990629e-06,0.0001765226122
4.715587126e-06,0.0001798868082
4.778623067e-06,0.0001821033746
4.793606539e-06,0.0001822565743
4.745946004e-06,0.0001798139936
4.62584043e-06,0.0001747802367
4.429627995e-06,0.0001670066292
