0.02853045046 0.1223831098 0.005228784534
0.139929259 0.04336621209 0.00207529016
0.1602383313 0.0228744238 0.001769592091
0.1563488598 0.01945084527 0.001769525119
0.1067410067 0.01500154883 0.001748491677
0.01303007761 0.01773988848 0.001136416725
0.07876349733 0.01661472295 0.000547547108
0.0198780122 0.01177683104 0.0007993263572
0.03487657903 0.01191620907 0.0003916960376
0.05646917338 0.008941151855 0.0002932852894
0.03457186432 0.006758342103 0.000297237048
0.01160118997 0.008983082568 0.000366086904
0.04564016105 0.009387172229 0.0004501853997
0.04243998379 0.006284835731 0.0006524780607
0.01208910725 0.006166200813 0.0005704841658
0.0003974456774 0.003226302775 0.0001746190012
0.003194113672 0.002249150782 0.0001556119732
0.0008382071544 0.002582743664 0.0001078130379
0.002082781126 0.002197048791 0.0001303872537
0.003451657521 0.001767443726 0.0001461805847
0.00283750755 0.002122161927 0.000113043804
0.0002903056989 0.001674908544 0.0001189610475
0.002217092115 0.001798669524 9.231598129e-05
0.002932701045 0.00185564144 7.880954702e-05
0.001447007616 0.001538602598 0.0001041584885
0.0008021819997 0.001670390209 9.942318471e-05
0.002655601823 0.001681658993 9.905239287e-05
0.002860708528 0.001496109325 9.904916882e-05
0.001078462558 0.001482391469 9.221660084e-05
0.001521336175 0.001577981205 7.711509752e-05
0.002853035957 0.001449655592 8.540289769e-05
5.400509854e-05 0.0005510068646 1.398584812e-05
4.589120311e-05 0.0004149026128 2.064016654e-05
0.0001717330825 0.0004094225792 2.145396653e-05
0.0003663648371 0.000432713866 1.681354282e-05
0.0004003315971 0.0003956867691 1.617250236e-05
0.0002314679976 0.0003692044406 1.64534927e-05
9.769880987e-06 0.0003856570234 1.582945667e-05
0.0001436010374 0.0003445514671 1.859601699e-05
0.0001254527081 0.0003144799996 1.913621013e-05
5.442897227e-05 0.0003614049008 1.332784188e-05
0.0003403359165 0.0003373268162 1.256393372e-05
0.0004587868473 0.0003023393161 1.536701516e-05
0.0002700255465 0.0003433345028 1.384642176e-05
3.776398886e-05 0.0003302712556 1.589587498e-05
0.0002208045546 0.0002390561734 1.84027066e-05
0.0001905541156 0.0002710075724 1.363007046e-05
5.19050498e-07 0.0002839083581 9.653820391e-06
0.0002569739764 0.0002219223465 1.330998832e-05
0.0003653708605 0.0002613679651 1.344705267e-05
0.0001907745093 0.0002666625212 1.486119605e-05
0.0001572918449 0.0002152850579 1.753574976e-05
0.0003708767836 0.000248372881 1.217543699e-05
0.0002399047049 0.0002549316083 8.152225912e-06
0.00012210472 0.0002013041903 1.036952507e-05
0.0004011263123 0.0002451048173 1.122222058e-05
0.0003770785252 0.0002357460242 1.421145513e-05
8.434333144e-05 0.0001964842729 1.671571202e-05
0.0002577844269 0.0002368959961 1.063283539e-05
0.0003759522659 0.0002217201381 8.143162694e-06
0.0001791494711 0.0001750356778 8.275218205e-06
0.0002170881309 0.0002110449449 9.467452864e-06
0.0004253408057 0.0001936294505 1.326391557e-05
6.069959407e-06 0.0001459624249 6.167240903e-06
0.0002146114562 0.0001137923889 2.094735324e-05
0.0002574224481 0.0001024933424 2.32931368e-05
0.0005689926129 6.291958821e-05 4.83819649e-05
0.0008475690587 3.999900776e-05 5.738410153e-05
0.0004115447948 6.442298971e-05 3.360174042e-05
0.0003329156484 5.048401864e-05 2.435469047e-05
0.0007686693643 4.51438259e-05 2.023988007e-05
4.262672178e-05 1.150796058e-05 5.01634352e-06
0.0001896277065 8.864895857e-06 3.023635511e-06
0.0002716786735 6.761840329e-06 2.173027119e-06
0.0001362217768 1.023665321e-05 3.625550256e-06
0.0001009362979 9.169867843e-06 7.716982865e-06
7.469758659e-05 5.086870911e-06 9.815514961e-07
3.843197175e-05 5.235343692e-06 2.540429697e-06
0.0001207455516 3.60971496e-06 4.606642238e-06
0.0001649114224 2.636674019e-06 5.158124367e-06
7.993091068e-05 4.953037523e-06 2.123197163e-06
6.346007336e-05 4.016106411e-06 1.234169165e-06
0.0001522983457 2.405300182e-06 9.546622032e-07
1.266850936e-05 1.729951932e-06 3.025262329e-07
3.511078662e-05 1.222643072e-06 1.80583973e-07
5.592527974e-05 6.311855131e-07 1.63891107e-07
3.341337699e-05 1.539313786e-06 1.789723133e-07
1.382343963e-05 1.360548465e-06 8.015177109e-07
4.898094299e-05 6.765604238e-07 1.199844171e-06
5.921380476e-06 6.161751176e-07 2.966343389e-08
9.950685057e-06 5.055343083e-07 2.180839453e-07
1.824582745e-05 2.193129006e-07 3.145180758e-07
1.247924407e-05 5.044152298e-07 1.965570043e-07
2.57527531e-06 5.452806315e-07 4.935401728e-08
1.525067671e-05 3.212954515e-07 3.536543427e-08
2.251470042e-06 2.147828342e-07 4.249811891e-08
2.770564472e-06 2.089890281e-07 6.048179837e-09
7.661820063e-06 1.432567114e-07 1.479040109e-08
9.216632308e-06 7.286140559e-08 1.841718024e-08
3.764947378e-06 1.949467771e-07 1.445088823e-08
4.399515302e-06 1.87528951e-07 7.507258009e-08
9.040074613e-06 7.916193541e-08 1.312629333e-07
6.741000213e-06 1.420148054e-07 1.024387858e-07
9.041437553e-08 4.734487182e-08 9.429761084e-10
1.005108343e-06 3.275827676e-08 1.271694158e-08
1.170027904e-06 7.199761065e-09 1.688292189e-08
4.493438851e-07 3.968474197e-08 8.346333395e-09
5.948183182e-07 4.249326878e-08 8.619599566e-10
1.168561441e-06 1.375623524e-08 2.053064745e-09
3.548678321e-08 2.442218777e-08 1.680306995e-09
2.6722491e-07 2.215144238e-08 3.534633489e-10
3.706530783e-07 3.561146674e-09 6.532359149e-10
1.92546616e-07 1.753045454e-08 4.558291374e-10
1.270543899e-07 2.481158014e-08 6.500484734e-10
1.066202706e-07 9.5076651e-09 2.511908059e-10
3.888539906e-08 1.87290167e-08 5.254674108e-11
1.551920801e-07 1.402439911e-08 1.53618472e-09
1.798031086e-07 1.176473596e-08 1.991800242e-09
1.889216759e-07 1.6300728e-09 2.756131358e-09
5.543048989e-08 1.349148e-08 1.426955582e-09
1.171577347e-07 1.496181861e-08 1.227460957e-10
2.706410223e-08 9.261247339e-09 8.232701044e-10
6.818711869e-08 1.069052294e-08 5.913265575e-11
5.550295201e-08 9.720686432e-09 4.19556623e-11
9.136858533e-08 4.024967609e-09 1.412676281e-10
3.348152376e-07 5.116671913e-09 5.757064369e-10
3.705668612e-07 2.001741225e-09 6.832242615e-10
1.261835967e-07 7.465981035e-09 2.732022597e-10
2.084406026e-07 7.188522786e-09 2.616883217e-09
3.791784996e-07 1.496409628e-09 5.302751953e-09
2.605645123e-07 5.212030287e-09 3.935059139e-09
3.728132287e-09 4.66261392e-09 2.151081055e-11
