7.7716975,158.4882242
5.448842081,316.4085238
7.511940387,186.2859662
9.159167257,125.2344624
4.035577783,138.3320077
3.222479251,110.4609338
2.989307783,92.36871484
3.006856842,77.1770478
3.07760928,62.57383
3.068346673,49.40998837
3.00495422,37.73664774
2.896103799,31.5566023
2.778838527,26.01941326
2.683256918,21.54612748
2.599894955,19.4036397
2.006775671,61.63056116
1.495552723,50.12788635
1.234255478,36.33071457
1.057569844,27.50844583
0.9325631093,22.82798554
0.8382572689,19.1880295
0.7695125745,16.47798716
0.7160941958,14.9754822
0.6738785543,12.76835722
0.6390470818,11.95619637
0.6105424361,11.07938853
0.5858313834,10.7112066
0.5656544124,9.853434151
0.5500937588,8.843347932
0.5371173988,8.527314248
0.6423679978,14.41654232
0.3995425307,12.38100414
0.3156556343,11.32447094
0.2896517372,10.14508493
0.2815489052,9.70218687
0.2788637274,9.292281698
0.2764514587,8.320141047
0.272144211,7.594613666
0.2657047344,7.183379138
0.2573779055,6.957566275
0.2487599394,6.062683511
0.2402334004,6.081675782
0.2328619826,5.843135557
0.2271349362,5.395877742
0.2219492768,5.093563725
0.2175461381,4.736683439
0.2136436258,4.389791352
0.2099826795,4.355915799
0.2065892558,4.250482037
0.2034809604,4.097882544
0.2010564398,4.189276122
0.2679991684,6.659095487
0.1875299566,5.883582228
0.1631223591,5.454429774
0.1504865638,4.851177054
0.1412266584,4.532786103
0.1357809017,4.475606509
0.1321153159,4.288313726
0.1291613177,3.968079232
0.1259760662,3.737720828
0.1225202651,3.700563731
0.1211266519,3.703536007
0.1217377291,3.479278566
0.1217504624,3.37599856
0.1209943913,3.211301545
0.1202723664,3.065465262
0.1195748772,3.033231682
0.1186564008,2.710792014
0.1172301214,2.715968064
0.1153948786,2.556078149
0.1134536303,2.488107986
0.1115625296,2.42045034
0.1095606564,2.360660095
0.1074379664,2.302245646
0.1056043595,2.366559118
0.1039678453,2.332563668
0.1024191448,2.266725891
0.1009907895,2.037339125
0.0996321548,1.911887355
0.09826881213,1.963188773
0.09688299249,1.950558163
0.09549373022,1.915892916
0.0941896874,1.842638713
0.09290965913,1.729554675
0.09163473489,1.725490234
0.09038388757,1.630602984
0.08920392745,1.565986937
0.08810232955,1.52798064
0.08706829685,1.473267685
0.08607200454,1.394377981
0.08511527176,1.329418361
0.0842007441,1.286497067
0.1599272451,3.889058367
0.1120271471,3.379354986
0.09219202932,2.92726004
0.08172593817,2.685050834
0.07635100015,2.472290023
0.07202436035,2.120075571
0.06622446026,2.016646967
0.06104776864,2.038228789
0.05703521919,1.925948699
0.05422193915,1.75339206
0.05219961626,1.630154633
0.05059637123,1.650692289
0.04943312305,1.576733452
0.04857239722,1.541021482
0.04784207198,1.496181078
0.04710565964,1.457689334
0.04636623074,1.436516644
0.04564218605,1.312760678
0.04494770648,1.258359519
0.04418288089,1.190360174
0.04335015789,1.174888541
0.04251064511,1.06717204
0.04169027146,1.12484203
0.04091223297,1.100652213
0.0402214245,1.100800093
0.03960487577,1.042352283
0.03904466531,0.992766087
0.03855076428,0.9780636544
0.03810429317,0.9463239847
0.03767630162,0.9328728789
0.03729200748,0.8932923584
0.0369368146,0.8774668373
0.03659262123,0.8313306612
0.03627538645,0.8314259321
0.03596479235,0.7960147381
0.03564154557,0.7729032729
0.03530884658,0.7015296908
0.03496978719,0.6977054559
0.0346234791,0.696663954
0.03427928363,0.7036533141
0.03394303961,0.7065318169
0.03362228667,0.6628146172
0.03330510719,0.6481779413
0.03299057327,0.632416822
0.03268785001,0.6285264563
0.03240554026,0.604377953
0.03212805752,0.5964955237
0.031851192,0.5830445155
0.03158099979,0.5748849268
0.03130660533,0.5709911478
0.03102096383,0.5615755633
0.0307245482,0.5485989937
0.03042806527,0.5404974347
0.0301393508,0.5301331708
0.02985175694,0.532071959
0.0295691198,0.5187044131
0.02929797602,0.4951841006
0.02903719012,0.4780395277
0.02877956597,0.4669656529
0.0285257717,0.4502193578
0.02827683029,0.445141884
0.02803100993,0.4345529301
0.02778582094,0.4323296698
0.02754508832,0.4331218694
0.0273090801,0.3972593554
0.02707676261,0.3824671941
0.02684417723,0.3751716328
0.02660712093,0.3691744562
0.02636870255,0.3573399566
0.02613297706,0.351287552
0.02589900995,0.349884303
0.02566562171,0.339755647
0.02543572169,0.3392455297
0.02520970871,0.3370247151
0.02498441656,0.3323326498
0.02476134114,0.3346534586
0.02454212944,0.338647808
0.02432835091,0.3422441455
0.02412119623,0.340282518
0.02392248636,0.342193549
0.02373150821,0.324435003
0.02354581342,0.3165525119
0.02336487789,0.3138356431
0.02318745071,0.3096992658
0.02301041609,0.3009718258
0.02283585389,0.2846940792
0.06731079547,1.442339954
0.05044187124,1.241103666
0.04247539478,1.078108512
0.03826095606,0.904616845
0.03575957957,0.8419382695
0.0337591477,0.7633110652
0.03174935301,0.7134209499
0.02986407767,0.6510294012
0.02818145031,0.6394091249
0.02645965984,0.597977296
0.02480485249,0.5862957155
0.02332298965,0.5590847966
0.02209183694,0.5437600896
0.02109608213,0.5290183204
0.02026076228,0.5198327378
0.01954201838,0.5011102835
0.01891656222,0.4745315636
0.01838217998,0.4510821739
0.01790405871,0.4340233611
0.01745768107,0.4113777057
0.01703014895,0.3980197063
0.01660918177,0.3667450335
0.01618423648,0.3675511776
0.01575205467,0.3630648089
0.01532040839,0.3802499209
0.01488992184,0.3758623655
0.01447406718,0.3731868957
0.01409706439,0.3636629181
0.01377030389,0.3554774883
0.01348233757,0.3497227361
0.01321801616,0.3331350451
0.0129666661,0.3182869709
0.01272457886,0.3094408569
0.01249159543,0.3034497712
0.01226931504,0.297120819
0.01205051567,0.2768980006
0.01183331215,0.2651520208
0.01162739738,0.2618466743
0.01143498461,0.2622414566
0.0112492177,0.2627770724
0.01107010123,0.2686968381
0.01090018685,0.2658562795
0.01074582023,0.2608521332
0.01060640254,0.2579063657
0.01048182066,0.2570578088
0.01036868145,0.2665931044
0.01026233107,0.2641739891
0.01016266339,0.2677844693
0.01006863793,0.2587233746
0.009977185583,0.2454043425
0.009886727921,0.2364604486
0.009794354352,0.2301321635
0.009699081732,0.22746881
0.009599554154,0.2246349853
0.009498334349,0.2246294441
0.009400329865,0.2228930852
0.009305964201,0.2190572973
0.009213834285,0.2222903651
0.009126148962,0.2220440966
0.009043364839,0.2207189294
0.008964589745,0.2174027111
0.008890602392,0.2118830697
0.008822403475,0.2087693051
0.00875925935,0.2072325777
0.00870070176,0.203134182
0.008645051639,0.1983023123
0.008593328545,0.1942541579
0.008543305904,0.1891301936
0.008494965571,0.1883865219
0.008449507128,0.1836595946
0.008405744378,0.184297306
0.008363588748,0.1799457558
0.008322609263,0.1778378236
0.008283028692,0.1739003785
0.00824464033,0.1686597224
0.008207910153,0.1667718945
0.008172046764,0.1672278358
0.008136534152,0.1683898531
0.008101645293,0.1636171036
0.008067020221,0.1620916336
0.008031590485,0.1699109029
0.007995722527,0.1681761095
0.007959285222,0.1629426318
0.007923107718,0.161285764
0.007886929019,0.157838061
0.007850335309,0.1568943167
0.007813541133,0.1564944238
0.007776438122,0.1580548258
0.007739821202,0.1584870984
0.007703309385,0.1552461837
0.007666499174,0.154294785
0.007629366811,0.1510819792
0.007591984579,0.1425541952
0.007553980151,0.143732952
0.007514656184,0.1459331003
0.007474844704,0.1457298066
0.007434797436,0.1480678793
0.007393934749,0.1448203613
0.007351703955,0.1386021578
0.007308991343,0.13970934
0.007266019029,0.1380069995
0.007222545949,0.1331543476
0.007178966293,0.1345178325
0.007135610808,0.1374787817
0.007092418314,0.1345739089
0.00704922815,0.1323366695
0.007006610042,0.132704541
0.006964944982,0.1341119957
0.006924103417,0.133804538
0.006883577326,0.1327137996
0.006843287076,0.131034899
0.00680293321,0.1289224791
0.006762650539,0.1284368203
0.006722147954,0.1266348033
0.006681372221,0.1255847539
0.006640473891,0.1240166948
0.006599271529,0.1230531692
0.006558146685,0.1208654343
0.006517490261,0.1153734541
0.006477559188,0.1181088526
0.006438464965,0.1191993522
0.006399663057,0.1191851465
0.006361300998,0.1159822541
0.006323159149,0.1146439131
0.006285175173,0.1171633409
0.006247590184,0.1222433952
0.006210054061,0.1225907621
0.006172506947,0.1219750127
0.00613525115,0.1214727882
0.00609878764,0.1209534711
0.006063131792,0.1209600695
0.01279181634,0.2433361237
0.009571274882,0.2208453526
0.008182318394,0.1879243158
0.007452838268,0.1780354359
0.006999513085,0.1632222266
0.006696542696,0.1534054176
0.006470975685,0.1443102135
0.006301529112,0.1364493939
0.006144422245,0.1341219871
0.006004228806,0.1250635954
0.005873382443,0.1259787948
0.005757773849,0.1181147075
0.00565592649,0.1165003025
0.005568994534,0.1130071802
0.005491413761,0.1108477532
0.005422369735,0.1092529831
0.005357250476,0.1075024032
0.005295824076,0.1073562065
0.005234881222,0.1056952693
0.005177847676,0.1008355245
0.005127968654,0.1005845789
0.005080961437,0.1001147352
0.005035907562,0.0980982007
0.00499241953,0.09671440503
0.004949359709,0.09582028414
0.004908650089,0.09527719965
0.00487108293,0.09067156459
0.004835029325,0.08945055164
0.004799335807,0.08733211617
0.004764367301,0.08754365137
0.004732062723,0.08815503069
0.004702437132,0.08901800992
0.004674340196,0.09001317134
0.004647192255,0.08925713466
0.004620305262,0.08862887847
0.004593853652,0.08514084657
0.004566878447,0.08397292801
0.004540010426,0.08477402857
0.00451308224,0.08380110596
0.004485628506,0.08145497884
0.004458111612,0.08040348149
0.004430839107,0.08093337048
0.004403809205,0.08116964186
0.004376248553,0.08009230295
0.004347990345,0.08003877345
0.004319386813,0.0784471677
0.004290815782,0.07870403245
0.004262670268,0.07811945549
0.004234568849,0.07877523783
0.004206356724,0.07940030909
0.004179036495,0.07970004759
0.00415252813,0.08040829907
0.004126690793,0.08035470068
0.0041011921,0.08083327738
0.004075829867,0.0821264206
0.004051036146,0.08354321965
0.00402682983,0.0847902903
0.004003158192,0.0848833938
0.003979985625,0.0850617273
0.003957170551,0.083985371
0.003934847491,0.08514811485
0.003913058884,0.08634807642
0.003891947997,0.0878008173
0.003871391004,0.08934492682
0.003851221252,0.09010974593
0.003832114249,0.09133613748
0.003813815482,0.09002542626
0.003795921836,0.0911572164
0.003778362172,0.09119950212
0.003760820693,0.09036707468
0.003743071365,0.08892496221
0.003725077705,0.08850860616
0.003706790507,0.08767668659
0.00368830339,0.08797480712
0.00366978393,0.08755973211
0.003651052177,0.0859443637
0.003632136045,0.08469329105
0.003613229964,0.08373192361
0.003594170656,0.08260026377
0.003574776704,0.08042549857
0.00355509025,0.07842625749
0.003535126737,0.07783895831
0.003514681232,0.07680139032
0.003493762545,0.07474714747
0.003472182567,0.07283491962
0.003449620624,0.07129629108
0.003426077469,0.06932334777
0.003401553448,0.06782537724
0.003376045275,0.06780964863
0.003349522882,0.06594254493
0.003321858069,0.06632035791
0.003293169287,0.06681367714
0.00326358866,0.06764020526
0.003233504578,0.06790701884
0.003203132635,0.06822684679
0.003172680436,0.06878788801
0.003142209337,0.06757465656
0.003111733098,0.06675592405
0.003081370369,0.06761397999
0.003051329139,0.06944042567
0.003021564104,0.07233016503
0.002992260028,0.07301018031
0.002963285608,0.07196964282
0.002934549331,0.07051516107
0.002906039211,0.07091757489
0.002877762219,0.07016792335
0.002849717535,0.06895019081
0.002821945149,0.06747356834
0.002794403811,0.06644727124
0.00276719269,0.06704224928
0.00274047926,0.06774000401
0.002714296964,0.06801139808
0.002688598653,0.06851415393
0.002663511862,0.07062774806
0.002639064443,0.07206887273
0.002615278789,0.07322527659
0.002591954605,0.07340795455
0.002569130764,0.07443796421
0.002546786283,0.07460070419
0.002524971894,0.07625217184
0.002503686298,0.07717135561
0.002482910864,0.07704234534
0.002462657218,0.07833636404
0.002442763092,0.07835664832
0.002423292914,0.0796947092
0.002404340802,0.08060178639
0.002385845212,0.08009840053
0.00236787157,0.08057802667
0.00235034976,0.07875598954
0.00233311036,0.07799208528
0.002316095515,0.07738605922
0.002299417524,0.07747124059
0.002283132264,0.0762915578
0.002267173767,0.07585500345
0.002251374638,0.0728919713
0.005432699619,0.1127326716
0.003910076563,0.1014081055
0.003454742559,0.0871533831
0.003164824201,0.08115919317
0.002922628717,0.07745556505
0.002747200182,0.07224102519
0.002631279696,0.07312422298
0.002555873495,0.0662176196
0.00249299921,0.06440927263
0.002433545281,0.06378358765
0.002382978337,0.06281021512
0.002340762935,0.06163780902
0.002301371728,0.06257168761
0.002267483557,0.05954039758
0.002238176174,0.05907972775
0.002213062958,0.0584345976
0.002194336216,0.05843694762
0.002181519997,0.05790702901
0.002172608537,0.05775803717
0.002166074546,0.05772350888
0.002161550597,0.05637936017
0.002158046775,0.05512926333
0.002154867424,0.05506234018
0.002151856274,0.05637216048
0.002148053972,0.05546830077
0.002143056187,0.0558217531
0.002136807156,0.0557649636
0.00212957515,0.05507690451
0.002122171452,0.05425210644
0.002115156697,0.05333551274
0.002108342652,0.05342404731
0.002101349654,0.05277467834
0.002094202523,0.05160235548
0.002087014975,0.05257568917
0.002079911537,0.05188724603
0.002072967603,0.05065469994
0.002065694654,0.05083662776
0.002058001574,0.05152329182
0.002050353552,0.05047788533
0.002042937767,0.04961303093
0.002035480232,0.04969607095
0.002028317072,0.04873633949
0.002020630303,0.04588020331
0.002011534011,0.04501061747
0.00200105201,0.04538888196
0.001989676033,0.04538885612
0.001977841255,0.04455180856
0.00196599581,0.04480935753
0.001954157619,0.04406583004
0.001941950443,0.04297961149
0.00192894933,0.04252181237
0.001915028127,0.04184967406
0.001900425518,0.04229977397
0.001885385,0.04317526931
0.001869803833,0.04269409312
0.001853530212,0.04185530511
0.001836610528,0.04244783993
0.001819181854,0.0428832742
0.001801686026,0.04267823383
0.001784609233,0.04213128799
0.001768323949,0.04346895911
0.00175286229,0.04322928494
0.001738193932,0.04146885328
0.001724598494,0.04124297018
0.001711375189,0.04172774308
0.001698329214,0.04146439779
0.001685673871,0.04190453264
0.001673280847,0.0417516973
0.001661112534,0.04145642708
0.001648879308,0.0411668202
0.001636663026,0.04038357241
0.001624589286,0.03825559817
0.001612769458,0.03750983756
0.00160119297,0.03822247652
0.00158975779,0.03929239039
0.001578262666,0.03858463181
0.001566678851,0.03796945864
0.001555101636,0.0374977066
0.001543689609,0.03740893804
0.001532670058,0.03789423521
0.001522101213,0.03869274038
0.001511727311,0.03859956967
0.001501430308,0.03840795823
0.001491210691,0.03676594835
0.001480989226,0.03542597876
0.001470663223,0.03503574676
0.001460043453,0.03483582122
0.001448987179,0.03478301798
0.001437456693,0.03475110139
0.001425423824,0.03519063962
0.001413042043,0.03540223733
0.001400480791,0.03523211604
0.001387813393,0.03509003037
0.001375115283,0.03500037099
0.001362345551,0.03506022229
0.001349487165,0.03549704846
0.001336591002,0.03540465058
0.00132356688,0.0350948678
0.001310277699,0.03449350343
0.001296801408,0.03447099964
0.001283237329,0.03505539882
0.001269747092,0.03455296478
0.001256384017,0.03419940066
0.001243177397,0.03342246724
0.001230237779,0.03190803739
0.001217601278,0.0301444404
0.001205306871,0.02849621168
0.001193153163,0.02833898099
0.00118085743,0.02945175161
0.001168491352,0.03004599908
0.001156013552,0.03124249294
0.001143449331,0.03134701599
0.001130931562,0.03162501782
0.00111844714,0.03147136122
0.001105958981,0.03115098892
0.001093421933,0.03048103093
0.001080749816,0.03090460224
0.001067998039,0.0316776697
0.001055201365,0.03228513212
0.0010423568,0.03309839069
0.001029473627,0.03361508611
0.00101657281,0.0334457046
0.001003694893,0.03432057147
0.0009909146058,0.0351965509
0.0009782808598,0.03560639702
0.0009658440661,0.03607040209
0.0009536476507,0.03677585113
0.0009416612734,0.03710241377
0.000929848037,0.03710268264
0.0009182075211,0.03731242553
0.0009067739958,0.03746100616
0.000895526201,0.03749229125
0.002420348406,0.05085597017
0.001783014364,0.0454324101
0.001538376086,0.03905740153
0.001405253318,0.03675213022
0.001298429077,0.03578440247
0.001227465781,0.03306323096
0.001186624266,0.03349397481
0.00116337367,0.03068088809
0.001137632689,0.0300076819
0.001110730068,0.02913619859
0.001082562474,0.02850623118
0.001055610775,0.02941245747
0.001030393435,0.02743643031
0.001004557321,0.02764115074
0.0009793261253,0.02755866705
0.0009581150516,0.02607901881
0.0009404833791,0.02593658789
0.0009267423917,0.02501507377
0.0009140787729,0.02502579523
0.0009010430625,0.02436198524
0.0008871424529,0.02380126022
0.0008715564823,0.02331144508
0.0008551692757,0.0232218227
0.0008389135921,0.02274413413
0.0008223102013,0.02257712255
0.0008052511784,0.02283642147
0.000787951259,0.023665921
0.0007712174199,0.02399969799
0.0007553016865,0.02376757726
0.0007398345679,0.02361533536
0.0007249531482,0.0238832489
0.0007106455048,0.02282770527
0.0006968948962,0.02096478118
0.0006826295822,0.02086822349
0.000668065942,0.02072523601
0.0006540296348,0.02055812477
0.0006404743236,0.0212811432
0.0006271708198,0.02184280077
0.0006145181266,0.02316709288
0.0006029815236,0.02376143245
0.0005921917739,0.02359806263
0.0005818636293,0.02418640246
0.0005720404798,0.02494365747
0.000562866646,0.02439205068
0.0005540240994,0.02418648041
0.0005453355358,0.02385584744
0.0005370680188,0.02289936398
0.0005292656372,0.02236589065
0.0005218996918,0.02195956856
0.0005149584091,0.02181582677
0.0005083240841,0.02125125358
0.0005017876351,0.02131934729
0.0004952511311,0.02233372167
0.0004888245261,0.02298448223
0.0004826512427,0.02297542677
0.000476762414,0.02298292825
0.0004710830158,0.02300722262
0.0004656495877,0.0234875526
0.0004605355789,0.02378974145
0.0004557966659,0.02325335563
0.0004513564729,0.02286182055
0.0004471697194,0.02275858526
0.0004431845077,0.0228137915
0.0004394163886,0.02275105869
0.0004359340253,0.02313692234
0.0004327785469,0.02395607144
0.0004300465388,0.02443712468
0.0004277427885,0.02442724421
0.0004258475516,0.0243572261
0.0004243409553,0.02404751398
0.000423176142,0.02418246496
0.0004223366965,0.0239901008
0.000421773041,0.02400678515
0.0004214937748,0.02423960834
0.0004214718022,0.0243565453
0.0004216293652,0.02408682793
0.0004219632356,0.02400556393
0.0004224183022,0.02417574399
0.0004230581845,0.02458031345
0.0004239277698,0.02458691243
0.0004250184084,0.02488554841
0.0004263985768,0.0255932823
0.0004281590925,0.02619658506
0.0004303665332,0.02638759937
0.0004330178508,0.026389842
0.0004360744321,0.02654055918
0.0004394534357,0.02637215931
0.0004431264573,0.02580307629
0.0004470725673,0.02548515278
0.0004512207896,0.02549697622
0.0004555710534,0.02537161146
0.0004600838965,0.02505550338
0.0004646910496,0.0251106702
0.0004693718835,0.02496468005
0.0004741103748,0.02471406705
0.000478826385,0.02467788646
0.0004834754864,0.0246478586
0.0004880925403,0.02455158587
0.0004926590187,0.02443648162
0.0004971450202,0.02419549887
0.0005015080141,0.02380701109
0.0005057398044,0.02319956113
0.0005098163196,0.02235511154
0.0005137276523,0.02184974478
0.0005174844073,0.02128970839
0.0005210473336,0.02098617614
0.0005243900028,0.02079516848
0.000527508121,0.02065831061
0.0005303902604,0.02036221455
0.0005330203036,0.02015384509
0.0005354156931,0.01968923437
0.0005375820542,0.01923258324
0.0005394989574,0.01860394434
0.0005411429343,0.01811927375
0.0005425292105,0.01767595399
0.0005436650295,0.0172198839
0.0005445397754,0.01667805925
0.0005451482643,0.01640797869
0.0005454670839,0.01606051948
0.000545522988,0.01589284545
0.0005453383219,0.01606784744
0.0005449143707,0.01623195234
0.0005442523004,0.01614917604
0.0005433596628,0.01597353493
0.00054224985,0.01594638607
0.0005409817003,0.01680429589
0.0005396260902,0.01766737427
0.0005382300876,0.01790521498
0.0005368325472,0.0181973002
0.0005354591547,0.01816287936
0.0005340686276,0.01859141822
0.0005326504766,0.01929200502
0.0005311936781,0.01999532872
0.0005297117369,0.02042934491
0.0005281894237,0.02072345987
0.0005266681944,0.0207803498
0.0005251342871,0.02070940392
0.0005236096608,0.02053025083
0.0005221329991,0.02074342095
0.0005206990555,0.02123675861
0.0005193623328,0.02141066445
0.000518142371,0.02142045299
0.000517012895,0.02141519471
0.0005159283918,0.02132086315
0.0005148574552,0.02126819436
0.0005137537971,0.02128892432
0.0005126526075,0.02115103345
0.0005115473861,0.02152261467
0.0005104382521,0.02146651311
0.0005093616948,0.02137591732
0.0005083474174,0.02145830608
0.0005073745346,0.0213100584
0.0005064416177,0.02118408623
0.0005055490676,0.02101972409
0.0005046892186,0.02070706773
0.0005038546984,0.02023858338
0.0005030320117,0.01982200329
0.0005022008956,0.01923790154
0.0005013371628,0.01905017862
0.0005004271744,0.01937615965
0.0004994521481,0.01995166158
0.0004984128696,0.02031376655
0.0004973273016,0.02056784276
0.0004962438174,0.02108666975
0.0004951847041,0.02145615622
0.0004941550133,0.02174326431
0.0004931643386,0.0217151649
0.0004922212637,0.02153061965
0.0004913067713,0.02127228253
0.0004904178541,0.0209080431
0.0004895697542,0.02070793336
0.0004887654497,0.02076838471
0.0004880021874,0.02084363157
0.0004872848717,0.02090212732
0.0004866305775,0.02103248597
0.0004860624717,0.02117634209
0.0004855790527,0.02125447857
0.0004851877165,0.02117157929
0.00048487338,0.02107117948
0.0004846409468,0.0209224708
0.0004844793127,0.0207252283
0.0004843801853,0.02052895528
0.0004843341332,0.02024447962
0.0004843296155,0.01997132203
0.0004843615024,0.01975625425
0.0004844144961,0.01983767276
0.0004844846977,0.02006218013
0.0004845724374,0.02025932942
0.0004847041816,0.02019957231
0.000484870574,0.01994206825
0.000485067009,0.01969613205
0.0004852755737,0.01937091066
0.0004854899047,0.01909001797
0.0004857172156,0.01876598064
0.0004859574619,0.01859140109
0.0004862006202,0.018720522
0.0004864474294,0.01881739828
0.000486708548,0.01902877235
0.0004869813898,0.01917057475
0.0004872717671,0.01938458888
0.0004875709617,0.019689817
0.0004878829771,0.01971698446
0.000488200018,0.01967701182
0.0004885248889,0.01965045529
0.0004888673132,0.01961987991
0.0004892297715,0.01942417273
0.0004896109349,0.0194642089
0.0004899882266,0.019755264
0.0004903497586,0.01987970829
0.0004906972266,0.02005145746
0.0004910327204,0.02020931206
0.0004913583604,0.01999291283
0.0004916738255,0.02037235147
0.0004919926867,0.02056154859
0.0004923277579,0.02047688582
0.0004926676295,0.02050120456
0.0004930249706,0.02064930152
0.0004934090629,0.02042056342
0.0004937971712,0.02028741402
0.0004941970096,0.02009141133
0.0004946026478,0.01964369282
0.0004950192492,0.01929368659
0.000495438289,0.01886062646
0.0004958607868,0.01825226838
0.0004962803458,0.01795815941
0.0004966782401,0.01762824185
0.0004970547619,0.01721606457
0.0004974061739,0.01693637152
0.0004977223283,0.01657315576
0.0004980118713,0.01641582009
0.0004982707807,0.01638655499
0.0004984983041,0.01626548463
0.0004986868341,0.01642135181
0.0004988296803,0.01640176811
0.0004989174866,0.01660997052
0.000498953454,0.01683440318
0.000498940046,0.01697116995
0.0004988850861,0.01717500446
0.0004988031784,0.01754420546
0.0004987027373,0.0178153728
0.0004985819602,0.01802366365
0.0004984615357,0.0178581714
0.0004983231844,0.01776888411
0.0004981719971,0.0178651926
0.0004980047133,0.01762347701
0.0004978104112,0.01727306384
0.0004975979201,0.01709376872
0.0004973542678,0.01654321848
0.0004970839958,0.0163296323
0.0004967899856,0.01607485472
0.0004964737714,0.01587664442
0.000496141601,0.01556136568
0.0004957911137,0.01569554974
0.0004954125577,0.01589194415
0.000495012317,0.01602186321
0.0004945924688,0.01585192545
0.0004941572403,0.01546889993
0.0004937064335,0.01533863486
0.0004932404835,0.01559277249
0.0004927575429,0.01597568299
0.0004922712136,0.01633060538
0.00049179552,0.01643953923
0.000491330383,0.01659405769
0.0004908633067,0.01678300096
0.0004903947485,0.01695495782
0.0004899223477,0.01710524875
0.0004894476782,0.01722856659
0.0004889766085,0.01709199609
0.0004885113773,0.01699795029
0.000488053455,0.01703884238
0.0004875983045,0.01690533192
0.0004871526072,0.01688145618
0.0004867248748,0.01692343575
0.0004863116492,0.01679193938
0.0004858985892,0.01686419824
0.0004854842786,0.01677560698
0.0004850741781,0.01674382794
0.0004846740172,0.01678857448
0.0004842918523,0.01687868643
0.000483924516,0.01689306431
0.0004835633247,0.01690980488
0.0004832080052,0.01699823534
0.0004828521523,0.0172631443
0.0004824974001,0.01739987922
0.0004821546861,0.01753172178
0.0004818259305,0.01756376708
0.0004815087703,0.01754583102
0.0004812051217,0.01722110588
0.0004809176383,0.01684445296
0.0004806384652,0.01633556183
0.0004803609097,0.01601306964
0.0004800841202,0.01539756947
0.0004798081049,0.01475375587
0.0004795302078,0.01414525118
0.0004792460684,0.01366625773
0.0004789532239,0.01328707913
0.0004786412919,0.01320486809
0.0004783059427,0.01313977286
0.0004779520888,0.01318977525
0.0004775846757,0.01337879077
0.0004771987452,0.01359816709
0.0004767934524,0.01380351944
0.0004763656551,0.01416867445
0.0004759243983,0.0144220795
0.000475474173,0.01481774699
0.0004750140469,0.01526033523
0.0004745473754,0.01558011534
0.0004740726235,0.01592944984
0.0004735923133,0.01637095382
0.0004731074101,0.01663224006
0.0004726126148,0.01685478604
0.0004721052467,0.01684797109
0.0004715831067,0.01676668195
0.0004710463434,0.01652501182
0.0004705011994,0.01625597023
0.0004699549317,0.01606286399
0.0004694084594,0.01573603928
0.0004688552975,0.01552840689
0.0004682912894,0.01545860712
0.0004677151389,0.01522944577
0.0004671259168,0.0148919243
0.0004665159137,0.01460323345
0.0004658860749,0.01432924997
0.0004652346984,0.0141313103
0.0004645573676,0.01404007462
0.0004638488717,0.01380225533
0.0004631159092,0.01345168093
0.0004623596984,0.01311138019
0.0004615816378,0.01291330795
0.0004607782502,0.01270911099
0.0004599472918,0.01249493782
0.0004590934878,0.01227392573
0.0004582153542,0.01209088601
0.0004573163782,0.01185883621
0.0004563939291,0.01184638943
0.0004554487884,0.0117964905
0.0004544811661,0.01157801403
0.0004534910945,0.01122591124
0.0004524758614,0.01112462803
0.0004514400325,0.01091035944
0.0004503811731,0.01079950511
0.0004493025932,0.01065087633
0.0004482066282,0.01035907594
0.0004470860496,0.01010366679
0.0004459369051,0.009830751048
0.0004447587827,0.009773325884
0.0004435515072,0.01004365185
0.000442320705,0.01040640834
0.0004410681724,0.01072135571
0.0004397974476,0.01109059346
0.000438510615,0.01163465507
0.0004372101843,0.01208733985
0.0004358938738,0.01257886515
0.0004345654345,0.01305385058
0.0004332285107,0.01338112273
0.000431883823,0.01371097156
0.0004305358693,0.01399360798
0.0004291869715,0.01422519603
0.0004278371376,0.01442674357
0.0004264914519,0.01449263899
0.0004251458887,0.01450571986
0.0004237990559,0.01447494102
0.0004224522833,0.01451051366
0.0004211059883,0.01444381601
0.0004197561084,0.01446936628
0.0004184018846,0.01459278215
0.0004170452608,0.01470896578
0.0004156877033,0.01477154776
0.0004143294105,0.01482949422
0.0004129669504,0.01486097489
0.0004116055825,0.01486321546
0.0004102470841,0.01478842328
0.0004088888942,0.01475013605
0.000407531905,0.01469824559
0.0004061732625,0.01466985574
0.0004048121588,0.0146886503
0.0004034472863,0.01469219501
0.0004020789834,0.0146679166
0.0004007068176,0.0146690119
0.000399330809,0.01460066224
0.0003979509281,0.01441457486
0.0003965709239,0.01428007006
0.0003951917848,0.01438968389
0.0003938148751,0.01435285866
0.0003924378655,0.01437800045
0.0003910602318,0.01436577195
0.0003896804326,0.01445598857
0.000388301171,0.01442657105
0.0003869243999,0.01437471016
0.0003855507602,0.01425423985
0.0003841828425,0.01404690707
0.0003828221162,0.01396639981
0.0003814697803,0.01370572055
0.0003801252412,0.01342515817
0.0003787884285,0.01307254758
0.0003774576158,0.01277436126
0.0003761348929,0.01255226036
0.0003748188181,0.01232685263
0.0003735092217,0.01226802913
0.0003722071593,0.01234672954
0.0003709118871,0.01246768764
0.0003696237579,0.01258585398
0.0003683415641,0.01272259644
0.0003670656648,0.01296635599
0.0003657991917,0.01324079661
0.000364545315,0.01358115652
0.0003633008107,0.01386820238
0.0003620687018,0.0141402934
0.0003608459918,0.01440060541
0.0003596348505,0.01463591175
0.0003584385771,0.01476844371
0.0003572549816,0.01497458228
0.0003560820747,0.01515410139
0.0003549185543,0.01524022783
0.0003537638431,0.01533020852
0.001522213034,0.02669585711
0.001146335937,0.02505932591
0.0009467565399,0.02319093816
0.0008124893119,0.02189557062
0.0007136809509,0.02149486429
0.0006434084149,0.02016979405
0.0005924089191,0.02094889546
0.0005614510029,0.01920873938
0.0005321885666,0.01850622088
0.0005008514902,0.01803355352
0.000472479403,0.01831670528
0.0004492273874,0.01880816192
0.0004310479737,0.01902480828
0.0004169586415,0.01668470839
0.0004011018824,0.01455018907
0.0003814024713,0.01500309184
0.000359795794,0.01556811864
0.0003390729284,0.01632750989
0.0003211288998,0.01697047152
0.0003076438087,0.01695536839
0.0002973129325,0.01596150473
0.000287956252,0.01554959876
0.0002788900484,0.01527815402
0.0002703731696,0.01542691705
0.0002630967684,0.01549920726
0.000257054743,0.01590889449
0.0002526466223,0.01541543563
0.0002487507089,0.01361133032
0.0002441655641,0.01309147466
0.0002388370542,0.01295236576
0.0002333623342,0.01403924883
0.0002285160919,0.0145228391
0.0002241620794,0.01469182673
0.0002199020619,0.01520567459
0.0002158804828,0.01479613169
0.0002121053084,0.01403395883
0.0002082102772,0.0142054946
0.0002042494896,0.01372064643
0.0002001383118,0.01341527846
0.0001959580599,0.01332560736
0.0001918396471,0.0125718661
0.0001879095924,0.01273044969
0.0001843588131,0.01283627494
0.0001811830702,0.01342442442
0.0001786028705,0.01386669569
0.000176753029,0.0140623372
0.0001755749924,0.01350885621
0.0001747984451,0.012448847
0.0001739440276,0.01192155413
0.0001726930522,0.01198778791
0.0001710608892,0.01237383263
0.0001692281042,0.01265683227
0.0001673662975,0.01307495835
0.0001657495299,0.01307136248
0.0001645193876,0.01270010402
0.0001635395625,0.0121060877
0.0001626021705,0.01182590438
0.0001616625164,0.01195679925
0.0001607614177,0.01212506678
0.0001599926352,0.0121928799
0.0001593794531,0.01204923494
0.0001588538663,0.0117175006
0.0001583347486,0.01174515901
0.000157887556,0.01254782599
0.0001577609349,0.01297374687
0.0001581151364,0.01287401669
0.0001588987266,0.01233637895
0.0001599107565,0.0116433072
0.0001609042278,0.01116686882
0.0001617815331,0.01134743518
0.0001626195889,0.01176670953
0.0001635550715,0.01172232291
0.0001645764971,0.01144333702
0.0001655907843,0.0109019654
0.0001665069357,0.01048387973
0.0001672629617,0.01064091985
0.0001678748413,0.01087243982
0.0001683719767,0.01096122466
0.0001687979548,0.01098777369
0.000169150191,0.01041309086
0.000169376049,0.009692163742
0.0001694270683,0.009673094033
0.0001693246097,0.01040862442
0.0001691808577,0.01089728762
0.0001690680789,0.01103274627
0.0001689868559,0.01109348023
0.0001689326135,0.01097977307
0.0001688771071,0.01084490959
0.0001687969333,0.01092457879
0.0001687165988,0.01123004388
0.0001686908881,0.01152676665
0.0001687369825,0.01139522159
0.0001688440639,0.01083040403
0.0001689838749,0.01027480623
0.0001691248097,0.01038846796
0.0001692793367,0.01076075104
0.0001695018439,0.01101776549
0.0001698348592,0.01102099242
0.0001702811845,0.01095608256
0.0001708131529,0.01074014277
0.0001713918293,0.01069702199
0.0001720001318,0.01074659983
0.0001726192458,0.01075349889
0.0001732051702,0.01068057108
0.0001737564646,0.01051472136
0.000174277983,0.01032132843
0.0001747595071,0.01028343462
0.0001752322974,0.01042961825
0.0001757187402,0.01034761185
0.0001762195856,0.01008592542
0.000176722215,0.009728203539
0.0001771885243,0.009149893581
0.0001775561474,0.008620499469
0.0001777958005,0.008342085248
0.0001779129414,0.008432750113
0.0001779033389,0.008694339382
0.0001777790604,0.009047153521
0.0001775721386,0.009286426775
0.0001773214253,0.009490774487
0.0001770590275,0.009516016012
0.0001767897752,0.009449601946
0.0001764974676,0.009408903164
0.0001761723468,0.009340738257
0.0001758125514,0.009487855512
0.00017541878,0.009641547688
0.0001749950356,0.009817107404
0.0001745452304,0.0101597496
0.0001740936588,0.01042722328
0.0001736714167,0.01040542285
0.0001732918594,0.01019248088
0.0001729537652,0.00997176865
0.0001726573459,0.009671422158
0.0001723886075,0.009373006683
0.0001721309366,0.00893344701
0.0001718564097,0.008516491888
0.0001715538322,0.008426480246
0.0001712256008,0.008536437527
0.000170871915,0.008799737146
0.0001705032231,0.009093055389
0.000170139517,0.009281065627
0.0001697840967,0.009322651527
0.0001694314065,0.009254673593
0.0001690702277,0.009175384818
0.0001686993008,0.009392777983
0.000168324274,0.00956052897
0.0001679656909,0.009520053697
0.0001676341508,0.009276018666
0.0001673299442,0.009032228444
0.0001670479189,0.008721259579
0.0001667782609,0.008578469939
0.0001665150804,0.008608495755
0.0001662530626,0.008725353286
0.0001659928049,0.009008672932
0.0001657361964,0.009075125899
0.0001654853031,0.008804121636
0.0001652340319,0.008444697989
0.0001649728149,0.008054101096
0.0001646964772,0.007816551854
0.0001643950855,0.007678844583
0.0001640651428,0.007750089625
0.0001637129173,0.00776301573
0.0001633422498,0.007858441099
0.0001629587615,0.008267694214
0.0001625772076,0.008775343315
0.0001622111091,0.009057694682
0.0001618685049,0.009123390131
0.0001615536724,0.008930015638
0.000161261848,0.008727711221
0.000160982227,0.008510475565
0.0001606980051,0.008385610664
0.0001604058133,0.008321431762
0.0001601080605,0.008515001939
0.000159809343,0.008761759954
0.0001595192963,0.00897994411
0.0001592509516,0.008885182884
0.0001590025548,0.008581455583
0.0001587557639,0.008065747283
0.0001584916177,0.007568988979
0.0001581933699,0.00715224019
0.0001578471268,0.006827797964
0.0001574486705,0.006599955853
0.0001569946256,0.006416366149
0.0001564828949,0.006519244634
0.0001559213036,0.006849003201
0.0001553203248,0.007354898695
0.0001546908769,0.007653417819
0.0001540368752,0.007781681735
0.0001533680112,0.007802585693
0.0001526897017,0.007720458845
0.0001520055534,0.007760986076
0.0001513164408,0.008035049934
0.0001506251093,0.008413636564
0.0001499418636,0.008842052808
0.0001492753637,0.008979009319
0.0001486307322,0.008943872898
0.0001480100322,0.008748593341
0.0001474090876,0.008549710373
0.000146820595,0.008473878694
0.0001462454981,0.008481572622
0.0001456886388,0.008375561313
0.0001451478626,0.008171009493
0.0001446199136,0.007922009451
0.0001440944348,0.007588740575
0.0001435610529,0.007456876097
0.0001430207161,0.007463103816
0.000142474011,0.007604572516
0.0001419270763,0.007733505404
0.0001413842246,0.007689143989
0.0001408451157,0.007496242554
0.000140304432,0.007394864765
0.0001397614448,0.007407828658
0.0001392131972,0.007454567297
0.000138663197,0.007499536782
0.000138114962,0.007454160036
0.0001375679097,0.007293497155
0.0001370159124,0.007124214907
0.0001364536133,0.007145976631
0.0001358803614,0.007301537575
0.0001352980964,0.007437932156
0.0001347108391,0.007401516175
0.0001341174978,0.007014450456
0.0001335120545,0.006506467742
0.0001328860448,0.006110188302
0.0001322337101,0.005986627139
0.000131553615,0.006076509949
0.0001308452978,0.006237611733
0.0001301197022,0.006234236346
0.0001293827544,0.006336175498
0.0001286347868,0.006565444958
0.0001278791322,0.006906611755
0.0001271173548,0.007189548596
0.0001263531481,0.007405557865
0.0001255897048,0.007475932081
0.0001248272824,0.007460344528
0.0001240629501,0.007389005331
0.0001232947603,0.00742321088
0.0001225233666,0.007559519547
0.0001217523849,0.007760548799
0.0001209878465,0.007895879611
0.0001202331458,0.007920272546
0.0001194877406,0.007831468297
0.0001187488117,0.007611714846
0.0001180127859,0.007405558553
0.0001172771565,0.007208635505
0.0001165390341,0.007052930661
0.0001157968129,0.006965719014
0.0001150498308,0.007061463175
0.0001142962736,0.007266425127
0.0001135369183,0.007363952569
0.0001127734564,0.007436850904
0.0001120070435,0.007492519347
0.0001112391932,0.007366870206
0.0001104706951,0.007236203809
0.0001097004342,0.007100012334
0.0001089274351,0.00701307253
0.0001081506715,0.006998538371
0.0001073712294,0.007053802259
0.0001065895045,0.007206178867
0.0001058076499,0.007297794912
0.0001050287874,0.007339531985
0.0001042543407,0.007282373417
0.000103485486,0.007237347922
0.0001027221851,0.00724041902
0.0001019632806,0.007300214859
0.000101209027,0.007416436678
0.0001004602574,0.00746209889
9.971890426e-05,0.00730965805
9.898407554e-05,0.007080963556
9.825176314e-05,0.006878251628
9.751840084e-05,0.006914871812
9.678464571e-05,0.007071180545
9.605353005e-05,0.007355274537
9.532889865e-05,0.007519756979
9.461340428e-05,0.007526949623
9.39076108e-05,0.00738603603
9.737986377e-05,0.001597569777
9.647103362e-05,0.001561176223
9.604236349e-05,0.001522727109
9.574759352e-05,0.001529904973
9.548822299e-05,0.001506161804
9.521701635e-05,0.001498976254
9.492387852e-05,0.001490918569
9.460141664e-05,0.001466579913
9.424827207e-05,0.001460343194
9.38720675e-05,0.001442940783
9.348347634e-05,0.00143349937
9.308151975e-05,0.001428917034
9.266759979e-05,0.001406036878
9.224189811e-05,0.001387912351
9.180582981e-05,0.001377465055
9.136535988e-05,0.00136625245
9.091479496e-05,0.001346484827
9.045041603e-05,0.001332184387
8.996940858e-05,0.00132548295
8.947123539e-05,0.001309625452
8.895543837e-05,0.001296218945
8.842325833e-05,0.001286832575
8.788042632e-05,0.001277400637
8.733074084e-05,0.00127267874
8.677486818e-05,0.00126504669
8.621468898e-05,0.001252890412
8.564693929e-05,0.001248100283
8.507529499e-05,0.001230630001
8.450359429e-05,0.001214237421
8.393318742e-05,0.001197012518
8.336105549e-05,0.001176407813
8.278273988e-05,0.001152166425
8.219467041e-05,0.001140243536
8.160411747e-05,0.001124326087
8.101517699e-05,0.001107220625
8.042739321e-05,0.001094985134
7.98396144e-05,0.001081384174
7.925061719e-05,0.001061441727
7.865976341e-05,0.001034163524
7.806562378e-05,0.001013190499
7.746916866e-05,0.0009913317941
7.68699708e-05,0.0009716727665
7.626634132e-05,0.0009526624053
7.565697463e-05,0.000941702789
7.504221851e-05,0.0009297450542
7.44225614e-05,0.0009126818828
7.37977919e-05,0.0008975825498
7.316969072e-05,0.0008912132285
7.253951552e-05,0.0008850321549
7.190739425e-05,0.0008736653835
7.127102446e-05,0.0008647710237
7.063220024e-05,0.0008521069606
6.999298078e-05,0.000838784614
6.935327071e-05,0.0008288358104
6.871176372e-05,0.0008194919967
6.806684673e-05,0.0008158250613
6.742111444e-05,0.0007982101418
6.677384835e-05,0.0007881521768
6.612672878e-05,0.0007718133445
6.548035104e-05,0.0007520576503
6.483290361e-05,0.0007355119141
6.418396018e-05,0.0007200453026
6.353443925e-05,0.0006939603497
6.288306627e-05,0.0006646778534
6.222918517e-05,0.0006358518468
6.15729611e-05,0.0006091537993
6.091315935e-05,0.0005926736781
6.024978005e-05,0.0005840577481
5.958376184e-05,0.0005759785576
5.89156653e-05,0.0005713191021
5.824496696e-05,0.0005662393814
5.757189589e-05,0.0005540253375
5.689563757e-05,0.0005508649145
5.621707787e-05,0.000548306305
5.553702917e-05,0.0005409723812
5.485650749e-05,0.0005349093336
5.417500478e-05,0.0005292353242
5.34921306e-05,0.0005243069189
5.280807041e-05,0.0005254071033
5.21233387e-05,0.0005252046608
5.143799044e-05,0.000521958649
5.075164453e-05,0.0005211695498
5.006454942e-05,0.0005225873474
4.937707158e-05,0.0005177144996
4.868847393e-05,0.0005120080749
4.799910726e-05,0.0005135474246
4.730902984e-05,0.0005215275186
4.661779421e-05,0.0005336642516
4.592585496e-05,0.0005461644811
4.523303319e-05,0.0005584471186
4.453982929e-05,0.0005735686298
4.384670509e-05,0.0005925424255
4.315340129e-05,0.0006139233638
4.24596806e-05,0.0006351691491
4.17657901e-05,0.0006557066676
4.107149268e-05,0.0006770678955
4.037724492e-05,0.0007010043849
3.968302928e-05,0.0007251463058
3.898921161e-05,0.0007494822489
3.829545419e-05,0.0007724250473
3.760237682e-05,0.0007937403811
3.690978693e-05,0.0008123759823
3.62184208e-05,0.0008308294569
3.552796279e-05,0.0008474277187
3.483873824e-05,0.0008656872179
3.415089727e-05,0.0008827156294
3.383351794e-05,0.0006471268509
3.317853378e-05,0.0006266017052
3.254428741e-05,0.0006071092101
3.190498808e-05,0.0005891536836
3.126531111e-05,0.0005704615564
3.062108074e-05,0.0005503407846
2.99757412e-05,0.000532712498
2.932959688e-05,0.0005127288217
2.867761199e-05,0.000495452516
2.802645344e-05,0.0004757210747
2.737669675e-05,0.0004589868519
2.673105126e-05,0.0004383529447
2.607742363e-05,0.000420149571
2.542971195e-05,0.0004047660374
2.478787934e-05,0.0003828327852
2.414451627e-05,0.0003672237976
2.349417596e-05,0.000348667269
2.285305973e-05,0.0003297588493
2.221203914e-05,0.0003144774954
2.157081442e-05,0.0002950424997
2.092659131e-05,0.0002763305957
2.02834874e-05,0.0002613714862
1.964509472e-05,0.0002527577408
1.900741754e-05,0.0002373264407
1.837131281e-05,0.0002329633474
1.773971706e-05,0.0002369038448
1.710853716e-05,0.0002475502475
1.648469121e-05,0.0002580800863
1.586333041e-05,0.000272008969
1.524733035e-05,0.0002892688807
1.463707064e-05,0.0003084079647
1.403285046e-05,0.0003251814819
1.343655271e-05,0.0003437571276
1.284784474e-05,0.0003635624997
1.226774602e-05,0.0003832148603
1.173001277e-05,0.0003170811714
1.105945432e-05,0.0002968617256
1.054176199e-05,0.0002862618776
1.005565667e-05,0.000266601218
9.600746675e-06,0.0002562769118
9.119217868e-06,0.0002407694039
8.681814237e-06,0.0002325182037
8.289954404e-06,0.0002295518621
7.908872517e-06,0.000235002399
7.601824381e-06,0.0002462582419
7.32757228e-06,0.0002608771077
7.178757291e-06,0.0002783926064
7.07587351e-06,0.0002963057237
7.071713971e-06,0.0003137919236
7.05814654e-06,0.0003323822275
7.011837232e-06,0.0003498470301
6.964821765e-06,0.0003689785267
7.024292216e-06,0.0003857035151
7.159725039e-06,0.0004042946569
7.38821165e-06,0.0004240667319
7.687327852e-06,0.0004414622811
8.039438847e-06,0.0004585348464
8.430358524e-06,0.0004796070986
8.864372774e-06,0.0004990389125
9.325139306e-06,0.000517092919
9.810575889e-06,0.0005349850148
1.031787244e-05,0.0005527994871
1.083910481e-05,0.0005707643999
1.13809106e-05,0.0005891275853
1.192908014e-05,0.000607085282
1.249106239e-05,0.0006245886771
1.306173718e-05,0.0006423643123
1.363838633e-05,0.0006615245115
1.422174741e-05,0.0006801641302
1.480937679e-05,0.0006970937736
1.54016807e-05,0.0007126063796
1.599719053e-05,0.000728783342
1.659598455e-05,0.000746274376
1.719579149e-05,0.000764227877
1.779673825e-05,0.0007811320829
1.839966182e-05,0.000796764966
1.900220439e-05,0.0008146958225
1.960884211e-05,0.0008300069394
2.021298637e-05,0.0008461360635
2.081766189e-05,0.0008626546264
2.142215056e-05,0.0008786789946
2.202701317e-05,0.0008930421829
2.262970282e-05,0.0009084035611
2.323062426e-05,0.0009232915638
2.383053528e-05,0.0009375104126
2.442837939e-05,0.0009520191526
2.502408669e-05,0.0009676329027
2.561815089e-05,0.0009822963066
2.621014888e-05,0.0009962879343
2.67992053e-05,0.001009715393
2.738713839e-05,0.00102312685
2.797217165e-05,0.001036863848
2.855419895e-05,0.001049906841
2.913427882e-05,0.001063544374
2.971123022e-05,0.001077108854
3.02855401e-05,0.001090092504
3.085711545e-05,0.001102321148
3.142611792e-05,0.001115098062
3.199399619e-05,0.001127512258
3.25596157e-05,0.001138593783
3.312207743e-05,0.001149664739
3.368103103e-05,0.001161247487
3.423645815e-05,0.001172177829
3.478843596e-05,0.001183020734
3.533630449e-05,0.001195255978
3.588071537e-05,0.001207126957
3.642139308e-05,0.001218862598
3.6958942e-05,0.001230649806
3.749227683e-05,0.001240129296
3.802192684e-05,0.0012496865
3.854747727e-05,0.001259378781
3.906937815e-05,0.00126829096
3.958748839e-05,0.001277676337
4.010193274e-05,0.001287629102
4.061246444e-05,0.001296265438
4.111906461e-05,0.001303892718
4.162182801e-05,0.001312449658
4.212050976e-05,0.001321130837
4.261526857e-05,0.001329370196
4.310600794e-05,0.001338211031
4.359301865e-05,0.001345870321
4.407576103e-05,0.001353458246
4.455456607e-05,0.001359835871
4.502908622e-05,0.001367300169
4.549951743e-05,0.00137375121
4.59657742e-05,0.00137899102
4.642792458e-05,0.001384867322
4.688562824e-05,0.001390565422
4.733929977e-05,0.001395809786
4.778840379e-05,0.00140201952
4.823341549e-05,0.001407039907
4.867414812e-05,0.001412613253
4.911048317e-05,0.001418023725
4.954251861e-05,0.001422711908
4.99702609e-05,0.001426863905
5.039361701e-05,0.001431270562
5.081240152e-05,0.001436230578
5.122675471e-05,0.001441768119
5.163686299e-05,0.001446780722
5.204243548e-05,0.001450865455
5.244362774e-05,0.00145427308
5.284008602e-05,0.001457204466
5.323216786e-05,0.001459716859
5.361966578e-05,0.001460936564
5.400262345e-05,0.00146335734
5.43808499e-05,0.001465330974
5.475478615e-05,0.001466984599
5.51239474e-05,0.001469162861
5.548857779e-05,0.001470409351
5.584855415e-05,0.001471585935
5.620395242e-05,0.001473399459
5.655466058e-05,0.001475330316
5.690080803e-05,0.001476696806
5.724234196e-05,0.001477412704
5.757914794e-05,0.001477685705
5.791124392e-05,0.00147762357
5.823869519e-05,0.001477184711
5.8561405e-05,0.001476798744
5.887953618e-05,0.001476764815
5.919270452e-05,0.001476554
5.950135448e-05,0.00147633903
5.980506282e-05,0.001478530226
6.010412842e-05,0.001480606154
6.039850426e-05,0.001481494844
6.068800694e-05,0.00148185161
6.097270629e-05,0.001482429019
6.125263646e-05,0.001482949672
6.152771899e-05,0.001483629282
6.179798756e-05,0.001484927391
6.206340172e-05,0.001486834291
6.23238564e-05,0.001488670335
6.257964536e-05,0.001490318737
6.283044802e-05,0.001491315624
6.307640938e-05,0.001491449469
6.331750591e-05,0.001491129622
6.355370667e-05,0.001490515729
6.378466743e-05,0.001488641001
6.401060346e-05,0.001487721601
6.423167859e-05,0.001488301314
6.4447935e-05,0.001488086327
6.465902935e-05,0.00148709844
6.486530253e-05,0.0014856359
6.506653077e-05,0.001483403756
6.526284216e-05,0.001481082976
6.545411144e-05,0.00147957346
6.564039477e-05,0.001477213781
6.58217357e-05,0.001474946742
6.599801814e-05,0.001471877156
6.616931769e-05,0.001468176441
6.63355459e-05,0.00146381124
6.649671192e-05,0.001458952979
6.665288677e-05,0.00145402451
6.680394869e-05,0.001448671306
6.695001566e-05,0.001443944109
6.709101785e-05,0.001438651587
6.722693609e-05,0.001432944112
6.735777751e-05,0.001427404518
6.74836192e-05,0.001421980796
6.760437346e-05,0.00141665353
6.771995774e-05,0.001410888977
6.783057233e-05,0.001404833646
6.793606943e-05,0.001398976449
6.803645109e-05,0.001392390767
6.813178296e-05,0.001385435063
6.822204628e-05,0.001378207287
6.830715375e-05,0.001369902012
6.838713967e-05,0.001360056839
6.846199057e-05,0.001350913806
6.853177985e-05,0.001343642879
6.859650295e-05,0.00133477349
6.865613388e-05,0.001325363267
6.871069994e-05,0.001317456892
6.876025232e-05,0.001309282175
6.88047136e-05,0.00130038458
6.884411512e-05,0.001291364573
6.887854094e-05,0.001281155885
6.89078806e-05,0.001271239183
6.893216438e-05,0.001261865342
6.895148471e-05,0.001251146716
6.8965834e-05,0.001240017133
6.897513878e-05,0.001228458363
6.897942921e-05,0.001216977449
6.89788418e-05,0.001204690374
6.897322256e-05,0.001191823762
6.8962664e-05,0.001179450419
6.894715791e-05,0.00116795523
6.892678739e-05,0.001156287669
6.890139609e-05,0.001142324516
6.887109546e-05,0.00112924488
6.883589497e-05,0.001115760265
6.879593148e-05,0.001103236347
6.875105948e-05,0.001090126629
6.87014354e-05,0.00107626744
6.864696175e-05,0.001063224192
6.858772703e-05,0.001049132793
6.852372221e-05,0.001036063618
6.845504265e-05,0.001022139259
6.838159196e-05,0.001007591756
6.830343208e-05,0.0009936308201
6.822062985e-05,0.0009788998962
6.813321249e-05,0.0009639606086
6.804115903e-05,0.0009492645623
6.794448222e-05,0.0009344469718
6.784326404e-05,0.0009193461192
6.773749165e-05,0.0009045625038
6.762720784e-05,0.0008892888193
6.751243953e-05,0.0008731793038
6.739320229e-05,0.0008573074389
6.726953629e-05,0.0008418375332
6.714152643e-05,0.0008259671053
6.700904774e-05,0.0008100639272
6.687225906e-05,0.0007940776749
6.673118164e-05,0.0007773130484
6.658581818e-05,0.0007600909918
6.643620336e-05,0.0007431347755
6.628237915e-05,0.0007264232225
6.612437049e-05,0.0007097734627
6.596216337e-05,0.0006932457249
6.579593702e-05,0.0006768616318
6.562557265e-05,0.0006606242951
6.545117248e-05,0.0006444492656
6.527279605e-05,0.000628541398
6.509040148e-05,0.0006127168482
6.490406024e-05,0.0005970159261
6.47138648e-05,0.0005815289678
6.451974165e-05,0.0005666125293
6.43218133e-05,0.0005518806481
6.412009773e-05,0.000537461574
6.391460668e-05,0.0005236763316
6.370542257e-05,0.0005105499704
6.349255277e-05,0.0004979904068
6.327606061e-05,0.0004866651499
6.305595765e-05,0.0004752088014
6.283229062e-05,0.0004664149416
6.260512473e-05,0.0004582710297
6.237439054e-05,0.0004505123514
6.214024435e-05,0.0004446451881
6.190277934e-05,0.000440698957
6.166184227e-05,0.0004380857604
6.141760884e-05,0.0004372694956
6.117013748e-05,0.0004379069969
6.091948317e-05,0.0004388897279
6.066550188e-05,0.0004425166793
6.040842188e-05,0.0004478971477
6.014816694e-05,0.0004556529484
5.988490228e-05,0.0004654833108
5.961851578e-05,0.0004769225608
5.934922796e-05,0.0004890801095
5.907690882e-05,0.0005016926912
5.880170623e-05,0.0005149020127
5.852363877e-05,0.0005286396486
5.824274556e-05,0.0005425978308
5.795907346e-05,0.0005567619129
5.76726392e-05,0.0005708995277
5.738351907e-05,0.0005852310793
5.709173918e-05,0.0006001025921
5.679733664e-05,0.0006151978556
5.650031351e-05,0.0006307697946
5.620077748e-05,0.0006468591116
5.589885377e-05,0.0006631558627
5.559439288e-05,0.0006795562922
5.528756181e-05,0.0006957813911
5.497833975e-05,0.0007116176399
5.466681377e-05,0.000727298287
5.435302544e-05,0.0007427958216
5.403698187e-05,0.0007581780417
5.371877638e-05,0.0007734307149
5.339843431e-05,0.0007883033723
5.307595149e-05,0.0008030242207
5.275145516e-05,0.0008178932875
5.242496335e-05,0.0008327251529
5.209643929e-05,0.0008476367197
5.176596953e-05,0.0008627663916
5.143375196e-05,0.0008779007274
5.109957194e-05,0.0008929742479
5.076358755e-05,0.000907778073
5.042596571e-05,0.0009223350131
5.008654736e-05,0.0009367621683
4.974545507e-05,0.0009510461194
4.940281123e-05,0.0009652287586
4.905855512e-05,0.0009793814533
4.871274232e-05,0.0009932599018
4.836553984e-05,0.001006794155
4.801682309e-05,0.001020074886
4.766669723e-05,0.001033136462
4.731524664e-05,0.001046053432
4.696249511e-05,0.001058993562
4.660847715e-05,0.00107191208
4.625319988e-05,0.001084842471
4.589681481e-05,0.001097989085
4.553923023e-05,0.001111222105
4.51806091e-05,0.001124540611
4.482089859e-05,0.001137744055
4.44601962e-05,0.001150620703
4.409860501e-05,0.00116294839
4.37360313e-05,0.001174740305
4.337260333e-05,0.001186225544
4.30083801e-05,0.001197514834
4.264339221e-05,0.001208617854
4.227761759e-05,0.00121955194
4.191122529e-05,0.00123027262
4.154415829e-05,0.001240664497
4.117649372e-05,0.001250772902
4.08082863e-05,0.001260691432
4.043955074e-05,0.001270523042
4.007042038e-05,0.001280229499
3.970083533e-05,0.001289716946
3.933087608e-05,0.001298944666
3.89605754e-05,0.001307875203
3.858999917e-05,0.001316468269
3.821924713e-05,0.001324740514
3.78482591e-05,0.001332740422
3.747710543e-05,0.001340548888
3.710596671e-05,0.001348235727
3.673466825e-05,0.001355805798
3.636340069e-05,0.001363279196
3.599212746e-05,0.001370883421
3.562106264e-05,0.001378452266
3.525006488e-05,0.001385817884
3.487926064e-05,0.001392921057
3.450869164e-05,0.00139979268
3.413833805e-05,0.001406419237
3.376825894e-05,0.001412842014
3.339870785e-05,0.001419031828
3.302943749e-05,0.001424992255
3.266065191e-05,0.001430733467
3.229233609e-05,0.001436164987
3.192460803e-05,0.001441173542
3.155741948e-05,0.001445678943
3.119091317e-05,0.001449717209
3.082504561e-05,0.001453373673
3.04598939e-05,0.001456762166
3.009550885e-05,0.001459927344
2.973188627e-05,0.001462866193
2.936913058e-05,0.001465564086
2.900733158e-05,0.00146805854
2.864642161e-05,0.001470422205
2.828643643e-05,0.001472680776
2.792754907e-05,0.001474816422
2.756970524e-05,0.001476724286
2.721293789e-05,0.001478337717
2.685736548e-05,0.001479585821
2.650290672e-05,0.001480435233
2.614980315e-05,0.001480854296
2.579781379e-05,0.001480857933
2.544727985e-05,0.001480460061
2.509804769e-05,0.001479713241
2.475016478e-05,0.001478795594
2.440377003e-05,0.001477775302
2.405885817e-05,0.001476695346
2.371541922e-05,0.001475526791
2.337354338e-05,0.001474207957
2.303330092e-05,0.001472624792
2.269458452e-05,0.001470711194
2.235766306e-05,0.001468515755
2.202229258e-05,0.001466077672
2.168886302e-05,0.001463900095
2.135707911e-05,0.00146261981
2.102704916e-05,0.00146171273
2.069906753e-05,0.001461360232
2.03727443e-05,0.001461774909
2.004852262e-05,0.001462494455
1.97262143e-05,0.001463281308
1.940581002e-05,0.001463963247
1.908750174e-05,0.001464545535
1.877124223e-05,0.001464964342
1.845710672e-05,0.001465257762
1.814506515e-05,0.001465380584
1.783515401e-05,0.001465305104
1.752743746e-05,0.001465039382
1.722197908e-05,0.001464544831
1.691880042e-05,0.001463778753
1.661783139e-05,0.001462656987
1.631915901e-05,0.00146116363
1.60228981e-05,0.001459306902
1.572898174e-05,0.001457130111
1.543748054e-05,0.001454734721
1.514829088e-05,0.001452156446
1.486168731e-05,0.001449393225
1.457750783e-05,0.001446494059
1.429586397e-05,0.001443462718
1.401680223e-05,0.001440324341
1.37401741e-05,0.001437048308
1.346630286e-05,0.001433508204
1.319503608e-05,0.001429715188
1.292623439e-05,0.00142565444
1.266012033e-05,0.001421227824
1.239692395e-05,0.001416422502
1.213619402e-05,0.001411295903
1.187820187e-05,0.001405865727
1.162314268e-05,0.001400163897
1.137094671e-05,0.001394266295
1.112132913e-05,0.001388142287
1.087481151e-05,0.001381789998
1.063060197e-05,0.001375132639
1.038981842e-05,0.001368164045
1.015186949e-05,0.001360977755
9.916669947e-06,0.001354387915
9.684696281e-06,0.001346324489
9.45549139e-06,0.001339271234
9.229435259e-06,0.001331336702
9.006359187e-06,0.001322728214
8.786295393e-06,0.00131535635
8.569470332e-06,0.001307173694
8.355663316e-06,0.001298149769
8.144864864e-06,0.001289761141
7.937380558e-06,0.00128068549
7.733164077e-06,0.001271109236
7.531763206e-06,0.001261882641
7.334006719e-06,0.001252342082
7.139386674e-06,0.001241899718
6.947915358e-06,0.001231699949
6.759980902e-06,0.001221554939
6.575090137e-06,0.001211175291
6.394044515e-06,0.001200728557
6.216166062e-06,0.001189753639
6.041815703e-06,0.001179078177
5.870945363e-06,0.001168238655
5.703944116e-06,0.001156673019
5.540621694e-06,0.001145039942
5.380592375e-06,0.001133271191
5.224481273e-06,0.001121008597
5.071909548e-06,0.001108715911
4.923339917e-06,0.001096352674
4.778907052e-06,0.001083632551
4.378138789e-06,8.928124056e-05
4.167567937e-06,8.719553109e-05
4.197299334e-06,8.462710644e-05
4.097143332e-06,8.259346159e-05
4.043799998e-06,8.0136131e-05
3.969597699e-06,7.946206178e-05
3.883702726e-06,7.770437699e-05
3.825394488e-06,7.565821328e-05
3.740587659e-06,7.380256045e-05
3.699052738e-06,7.256168921e-05
3.625536643e-06,7.040174624e-05
3.572088103e-06,6.775488565e-05
3.498692687e-06,6.595461784e-05
3.428792599e-06,6.511607137e-05
3.3733186e-06,6.379225672e-05
3.318116208e-06,6.150458066e-05
3.24913715e-06,5.948119648e-05
3.185207041e-06,5.789536937e-05
3.120499175e-06,5.596088293e-05
3.0606695e-06,5.372902736e-05
2.994419543e-06,5.209066051e-05
2.930118551e-06,5.039965236e-05
2.866729625e-06,4.883644342e-05
2.800971217e-06,4.738984649e-05
2.733590597e-06,4.550002841e-05
2.677704873e-06,4.370744404e-05
2.609803797e-06,4.310396016e-05
2.550255982e-06,4.178334212e-05
2.482909347e-06,4.043800152e-05
2.422675271e-06,3.989750898e-05
2.354836459e-06,3.957240485e-05
2.295254588e-06,3.98198214e-05
2.228131158e-06,4.048508451e-05
2.167360422e-06,4.052412344e-05
2.10745549e-06,4.045411657e-05
2.042045745e-06,4.138765098e-05
1.983147627e-06,4.263717157e-05
1.921910553e-06,4.398254383e-05
1.848124353e-06,4.546268208e-05
1.792018806e-06,4.679394918e-05
1.735944589e-06,4.856031676e-05
1.67408274e-06,5.046784973e-05
1.608193134e-06,5.210641795e-05
1.545509403e-06,5.382844486e-05
2.02071976e-06,4.627511716e-05
1.394069634e-06,4.457068342e-05
1.326659385e-06,4.291387024e-05
1.344957213e-06,4.129031346e-05
1.340948516e-06,3.975758885e-05
1.225678342e-06,3.836464202e-05
1.129810026e-06,3.71427985e-05
1.141453701e-06,3.614660252e-05
1.148885138e-06,3.546854458e-05
1.056192592e-06,3.515534587e-05
9.930340896e-07,3.531996642e-05
9.407112381e-07,3.598614968e-05
9.39912102e-07,3.705638507e-05
9.03304537e-07,3.838509755e-05
9.107770496e-07,3.987111968e-05
8.661022564e-07,4.14539225e-05
8.382725682e-07,4.312741032e-05
7.989421594e-07,4.484247907e-05
8.569445964e-07,4.659818922e-05
8.34127331e-07,4.83789612e-05
7.912322127e-07,5.015639018e-05
8.287120253e-07,5.193484118e-05
8.444802974e-07,5.372471508e-05
8.905617834e-07,5.552523901e-05
8.601780896e-07,5.733148343e-05
8.983444101e-07,5.912056109e-05
9.255413615e-07,6.089759399e-05
9.592876289e-07,6.267036155e-05
1.017821806e-06,6.444805021e-05
1.029274554e-06,6.621393841e-05
1.113731025e-06,6.797028623e-05
1.121225215e-06,6.972104527e-05
1.186556649e-06,7.145168192e-05
1.221365212e-06,7.318791317e-05
1.275486661e-06,7.49149063e-05
1.334723169e-06,7.663192023e-05
1.375913115e-06,7.833853333e-05
1.441156521e-06,8.003609477e-05
1.4915235e-06,8.172649482e-05
1.540088792e-06,8.34016016e-05
1.597085345e-06,8.505376317e-05
1.656861702e-06,8.668726245e-05
1.706539849e-06,8.831135265e-05
1.766369993e-06,8.992835177e-05
1.820366198e-06,9.152740151e-05
1.882548161e-06,9.310474997e-05
1.936831183e-06,9.466043404e-05
1.990274162e-06,9.620036167e-05
2.060234158e-06,9.773201432e-05
2.108366044e-06,9.925213058e-05
2.171116337e-06,0.0001007565708
2.223918465e-06,0.0001022435472
2.283774023e-06,0.000103708505
2.342071051e-06,0.0001051462601
2.400158179e-06,0.0001065567904
2.455554726e-06,0.0001079455942
2.514439502e-06,0.0001093155068
2.575944236e-06,0.0001106666158
2.628410588e-06,0.000111997919
2.686782281e-06,0.0001133096224
2.749945949e-06,0.0001146027683
2.806799403e-06,0.0001158804546
2.863110724e-06,0.000117142132
2.917212637e-06,0.0001183886726
2.976082268e-06,0.0001196147377
3.034998987e-06,0.0001208194991
3.087075559e-06,0.0001220039705
3.144393641e-06,0.0001231693701
3.203350328e-06,0.0001243151993
3.258998002e-06,0.0001254411461
3.313882332e-06,0.0001265438283
3.370672356e-06,0.0001276222279
3.424425924e-06,0.0001286785284
3.482017304e-06,0.0001297126208
3.535637094e-06,0.00013072538
3.589749392e-06,0.0001317151609
3.641771536e-06,0.0001326784134
3.696557349e-06,0.0001336145873
3.751057819e-06,0.0001345264919
3.803959996e-06,0.0001354196863
3.855465225e-06,0.0001362959814
3.909290022e-06,0.0001371524924
3.962137392e-06,0.0001379845945
4.01516039e-06,0.000138789461
4.068858814e-06,0.0001395680424
4.11852341e-06,0.0001403231429
4.168666886e-06,0.0001410558041
4.218843223e-06,0.0001417657154
4.269205669e-06,0.0001424528228
4.319956647e-06,0.000143118244
4.370839516e-06,0.0001437634753
4.41966679e-06,0.000144388091
4.468416665e-06,0.0001449902565
4.516233743e-06,0.0001455671288
4.5639103e-06,0.0001461156642
4.6123193e-06,0.0001466341093
4.659520126e-06,0.0001471217347
4.706777386e-06,0.0001475797349
4.752922816e-06,0.0001480097631
4.799973637e-06,0.0001484136795
4.846147812e-06,0.0001487929485
4.891000662e-06,0.0001491480088
4.936238086e-06,0.0001494802747
4.980759946e-06,0.0001497907579
5.025278036e-06,0.0001500796332
5.069063384e-06,0.0001503453096
5.111607757e-06,0.0001505854515
5.154851091e-06,0.000150797984
5.197088311e-06,0.000150981481
5.239257642e-06,0.0001511353356
5.281016769e-06,0.0001512599121
5.32190791e-06,0.00015135684
5.361826065e-06,0.0001514280608
5.402719537e-06,0.0001514744893
5.443465329e-06,0.0001514954588
5.481760817e-06,0.0001514894875
5.520540678e-06,0.0001514551399
5.558614711e-06,0.0001513919688
5.59664478e-06,0.0001513004262
5.633940774e-06,0.000151181577
5.671331281e-06,0.0001510367415
5.706917716e-06,0.0001508656307
5.743343983e-06,0.000150667178
5.779188183e-06,0.0001504426295
5.813200616e-06,0.0001501923165
5.848185657e-06,0.0001499197546
5.882353052e-06,0.0001496313967
5.915311687e-06,0.0001493910134
5.948324792e-06,0.0001493138946
5.98096559e-06,0.0001494093752
6.012710895e-06,0.0001495710675
6.044099882e-06,0.000149727205
6.07566899e-06,0.0001498639867
6.105694965e-06,0.0001499772232
6.135636545e-06,0.0001500651515
6.165404527e-06,0.0001501260793
6.194157769e-06,0.0001501600234
6.222101919e-06,0.0001501682919
6.249877252e-06,0.0001501518063
6.277659634e-06,0.0001501118384
6.304085277e-06,0.0001500488445
6.330617806e-06,0.0001499622887
6.357080434e-06,0.000149850517
6.381549787e-06,0.0001497116451
6.406436343e-06,0.0001495442139
6.4296189e-06,0.0001493479084
6.453915629e-06,0.0001491243715
6.476949957e-06,0.0001488752482
6.499481862e-06,0.0001486018264
6.5216917e-06,0.0001483049735
6.543809349e-06,0.0001479839106
6.564250962e-06,0.0001476375893
6.584442207e-06,0.0001472648921
6.604386658e-06,0.0001468646066
6.623268144e-06,0.000146436888
6.6426786e-06,0.000145981846
6.660892904e-06,0.0001455000201
6.678695448e-06,0.0001449924301
6.695590426e-06,0.0001444600677
6.712343137e-06,0.0001439031839
6.728697537e-06,0.0001433214804
6.744356999e-06,0.0001427146193
6.759367845e-06,0.0001420826457
6.773790479e-06,0.0001414256839
6.787348426e-06,0.0001407452367
6.80107902e-06,0.0001400417506
6.813692479e-06,0.0001393160618
6.825927502e-06,0.0001385684057
6.837815655e-06,0.0001377981407
6.848273605e-06,0.0001370042612
6.859411309e-06,0.0001361859295
6.870337907e-06,0.0001353433533
6.879549821e-06,0.0001344771123
6.888451174e-06,0.0001335870513
6.897571178e-06,0.0001326731299
6.905579695e-06,0.0001317351545
6.912730084e-06,0.0001307733855
6.919235031e-06,0.0001297870789
6.925915176e-06,0.0001287759406
6.93221013e-06,0.0001277421256
6.937560409e-06,0.000126685643
6.942542404e-06,0.0001256076259
6.947118876e-06,0.0001245084799
6.950195632e-06,0.0001233890876
6.953708974e-06,0.0001222503308
6.95627011e-06,0.0001210918044
6.958733565e-06,0.0001199126041
6.96020799e-06,0.0001187131704
6.961255562e-06,0.0001174929671
6.961942134e-06,0.0001162517958
6.962493564e-06,0.0001149894759
6.962359864e-06,0.0001137066382
6.961283857e-06,0.0001124042671
6.959751398e-06,0.0001110827468
6.957789822e-06,0.0001097428026
6.955277282e-06,0.0001083849798
6.952736817e-06,0.0001070087417
6.948699193e-06,0.0001056145632
6.944811421e-06,0.000104202152
6.940609475e-06,0.0001027721968
6.936085999e-06,0.0001013244011
6.930520612e-06,9.985709967e-05
6.924984566e-06,9.837091523e-05
6.918152077e-06,9.686788422e-05
6.911229975e-06,9.534996441e-05
6.903945763e-06,9.381705908e-05
6.895878014e-06,9.226953021e-05
6.887824451e-06,9.070852224e-05
6.878897748e-06,8.913331473e-05
6.869604282e-06,8.75432313e-05
6.859985558e-06,8.593761091e-05
6.849936116e-06,8.431769324e-05
6.838986693e-06,8.268423863e-05
6.828174266e-06,8.103522485e-05
6.816237473e-06,7.937114018e-05
6.804258217e-06,7.769493298e-05
6.791797387e-06,7.600598157e-05
6.778990357e-06,7.430638389e-05
6.765390364e-06,7.259456826e-05
6.751227721e-06,7.087097486e-05
6.737199209e-06,6.913736064e-05
6.722597244e-06,6.739488401e-05
6.707084519e-06,6.564135884e-05
6.691810817e-06,6.38781274e-05
6.675996684e-06,6.210497414e-05
6.659494837e-06,6.032287403e-05
6.642260425e-06,5.853313791e-05
6.625252051e-06,5.673816018e-05
6.607229685e-06,5.493217881e-05
6.588966225e-06,5.311856092e-05
6.570693295e-06,5.129635148e-05
6.552227394e-06,4.946945572e-05
6.532433213e-06,4.763867493e-05
6.512705876e-06,4.581032212e-05
6.492656599e-06,4.399204637e-05
6.472090906e-06,4.216176428e-05
6.450870197e-06,4.033686177e-05
6.430221124e-06,3.851211863e-05
6.407961674e-06,3.669305699e-05
6.386193075e-06,3.488919112e-05
6.363893281e-06,3.310810493e-05
6.340629012e-06,3.135013054e-05
6.317835666e-06,2.965416046e-05
6.294392267e-06,2.806079944e-05
6.270331685e-06,2.659991824e-05
6.245994691e-06,2.536391869e-05
6.221671081e-06,2.457664599e-05
6.196804616e-06,2.429774938e-05
6.171133119e-06,2.452773833e-05
6.14605451e-06,2.525093177e-05
6.120116907e-06,2.638494132e-05
6.09392173e-06,2.778379879e-05
6.067268828e-06,2.93595682e-05
6.039982553e-06,3.105204621e-05
6.012956927e-06,3.280218231e-05
5.985395363e-06,3.459483572e-05
5.957533855e-06,3.641832654e-05
5.930013689e-06,3.825576456e-05
5.901182999e-06,4.009824949e-05
5.872226282e-06,4.193995027e-05
5.84316223e-06,4.378127634e-05
5.81399697e-06,4.562526876e-05
5.784391869e-06,4.746877726e-05
5.754558971e-06,4.931244824e-05
5.725062291e-06,5.115397178e-05
5.69393452e-06,5.298926112e-05
5.663932701e-06,5.482646149e-05
5.632421122e-06,5.666114507e-05
5.60143513e-06,5.848627936e-05
5.570137153e-06,6.03014166e-05
5.538580314e-06,6.21068369e-05
5.505979821e-06,6.390321849e-05
5.473924074e-06,6.569086723e-05
5.441899097e-06,6.746811597e-05
5.409274557e-06,6.923418335e-05
5.376552788e-06,7.098905731e-05
5.343314603e-06,7.273210644e-05
5.309881049e-06,7.446367726e-05
5.27658804e-06,7.618274066e-05
5.242971338e-06,7.789004012e-05
5.209377722e-06,7.958472697e-05
5.17482303e-06,8.12661821e-05
5.141244372e-06,8.293415148e-05
5.106721469e-06,8.458782586e-05
5.071823407e-06,8.622588149e-05
5.037078316e-06,8.785012151e-05
5.001945606e-06,8.94582764e-05
4.967468501e-06,9.105058892e-05
4.932391396e-06,9.262669086e-05
4.896495563e-06,9.418738975e-05
4.860792591e-06,9.573182376e-05
4.82520341e-06,9.726090932e-05
4.789497851e-06,9.877361509e-05
4.753662505e-06,0.0001002699967
4.717317638e-06,0.000101749363
4.680715288e-06,0.0001032105194
4.644865919e-06,0.0001046527456
4.608300146e-06,0.0001060754033
4.571319797e-06,0.0001074781582
4.535275277e-06,0.0001088611156
4.498031721e-06,0.0001102243331
4.46074535e-06,0.0001115678631
4.424390906e-06,0.0001128918128
4.387243855e-06,0.0001141961224
4.35018499e-06,0.0001154807244
4.312504422e-06,0.0001167455304
4.275271238e-06,0.0001179913798
4.238012881e-06,0.0001192178713
4.200529045e-06,0.00012042443
4.163461293e-06,0.0001216101919
4.125716847e-06,0.0001227747679
4.087901837e-06,0.0001239177894
4.050619837e-06,0.0001250386427
4.012661115e-06,0.0001261367451
3.974608717e-06,0.0001272120536
3.937541721e-06,0.0001282648862
3.899430585e-06,0.0001292950683
3.862010128e-06,0.000130302638
3.82419712e-06,0.0001312872909
3.786660961e-06,0.000132248747
3.748375437e-06,0.000133186654
3.710592931e-06,0.0001341003708
3.67256636e-06,0.0001349890207
3.635329642e-06,0.0001358522365
3.597344641e-06,0.0001366900591
3.559162806e-06,0.0001375025554
3.521516793e-06,0.0001382902751
3.483997572e-06,0.000139053939
3.446330938e-06,0.0001397941128
3.40847561e-06,0.0001405107368
3.370970931e-06,0.0001412035881
3.33337382e-06,0.0001418723785
3.295528953e-06,0.0001425168232
3.257978962e-06,0.0001431368639
3.220657149e-06,0.0001437317573
3.183232611e-06,0.0001443012598
3.146033639e-06,0.0001448452822
3.10922872e-06,0.0001453633964
3.071764596e-06,0.000145855547
3.034129785e-06,0.000146321189
2.997894548e-06,0.0001467603518
2.960665849e-06,0.0001471736306
2.923279851e-06,0.0001475607999
2.887466259e-06,0.000147921938
2.850446174e-06,0.0001482570837
2.814453672e-06,0.0001485657392
2.777258444e-06,0.00014884755
2.741171149e-06,0.0001491025251
2.705184412e-06,0.0001493309825
2.668910877e-06,0.000149533325
2.632524978e-06,0.0001497102862
2.597024106e-06,0.0001498635647
2.561600948e-06,0.0001499914273
2.526583351e-06,0.0001500940818
2.490806909e-06,0.000150173969
2.454932907e-06,0.0001502294028
2.420069435e-06,0.0001502601108
2.385475105e-06,0.0001502680208
2.350096305e-06,0.0001502565231
2.316514488e-06,0.0001502239142
2.282164323e-06,0.0001501730485
2.246935138e-06,0.0001501099184
2.21252921e-06,0.0001500375021
2.179089452e-06,0.0001499616074
2.14529729e-06,0.0001498959369
2.111323581e-06,0.0001499648357
2.077948366e-06,0.0001500986293
2.044508256e-06,0.00015025782
2.010976622e-06,0.0001504290706
1.978620425e-06,0.000150614279
1.945090695e-06,0.0001507993563
1.913230872e-06,0.0001509775998
1.880438551e-06,0.0001511419441
1.848703443e-06,0.0001512879206
1.816866888e-06,0.0001514151976
1.784972764e-06,0.0001515225316
1.753583895e-06,0.0001516073087
1.722169626e-06,0.0001516694931
1.690958196e-06,0.000151707265
1.659994526e-06,0.0001517203388
1.629662012e-06,0.0001517086062
1.599029289e-06,0.0001516711152
1.568736387e-06,0.0001516080912
1.539372886e-06,0.0001515202151
1.509675606e-06,0.0001514074275
1.479932581e-06,0.0001512699264
1.450121085e-06,0.0001511072347
1.421222331e-06,0.00015091908
1.393508195e-06,0.0001507061483
1.363629636e-06,0.0001504676481
1.33548797e-06,0.0001502029974
1.309226017e-06,0.0001499126664
1.280744464e-06,0.0001495965854
1.253577896e-06,0.0001492547365
1.226110885e-06,0.0001488866012
1.199420475e-06,0.0001484923724
1.172184428e-06,0.0001480723059
1.145175704e-06,0.0001476261809
1.120025456e-06,0.0001471565771
1.094504506e-06,0.0001466628044
1.068692128e-06,0.0001461431545
1.042762346e-06,0.0001455974092
1.017765405e-06,0.0001450259295
9.913977719e-07,0.0001444286194
9.685735122e-07,0.0001438057312
9.432209882e-07,0.0001431581562
9.20011506e-07,0.0001424864952
8.960304825e-07,0.0001417916614
8.737901593e-07,0.0001410738872
8.499031035e-07,0.0001403339909
8.27773654e-07,0.0001395718804
8.046360577e-07,0.0001387863697
7.82700656e-07,0.0001379769215
7.583455798e-07,0.0001371425899
7.397921708e-07,0.0001362831816
7.168288802e-07,0.0001353986744
6.978575875e-07,0.0001344889377
6.769459842e-07,0.0001335550285
6.568785457e-07,0.0001325967813
6.377077555e-07,0.0001316147742
6.15334252e-07,0.0001306089948
5.976601031e-07,0.0001295798184
5.778685538e-07,0.0001285273852
5.582842395e-07,0.0001274522156
5.940897204e-07,9.816978992e-06
3.370372698e-07,9.621076438e-06
4.420384965e-07,9.420784442e-06
4.696541251e-07,9.221484627e-06
4.349020951e-07,9.018908029e-06
5.472179406e-07,8.815317802e-06
5.487781157e-07,8.609288245e-06
4.733901617e-07,8.40254892e-06
4.917900459e-07,8.19386747e-06
4.817492022e-07,7.984037883e-06
3.936288549e-07,7.773029877e-06
4.475147691e-07,7.560739248e-06
4.564041889e-07,7.34716153e-06
4.81858181e-07,7.132419847e-06
4.493861094e-07,6.91640503e-06
4.243161949e-07,6.69855909e-06
4.677696623e-07,6.479930175e-06
4.108418481e-07,6.26055929e-06
4.019869138e-07,6.040466423e-06
4.310848042e-07,5.819157976e-06
4.434742494e-07,5.596664664e-06
4.600795466e-07,5.373594234e-06
4.435527275e-07,5.149709044e-06
3.792240555e-07,4.92485256e-06
3.58783459e-07,4.699605534e-06
3.72108772e-07,4.473972346e-06
3.380205681e-07,4.248020877e-06
3.813612633e-07,4.021884009e-06
3.538493032e-07,3.795717878e-06
3.91427774e-07,3.570622777e-06
2.913410116e-07,3.347424752e-06
3.161455714e-07,3.127300435e-06
2.741547599e-07,2.911159279e-06
3.318603561e-07,2.705753093e-06
3.466539984e-07,2.532326701e-06
3.269202975e-07,2.45930864e-06
2.757348826e-07,2.529520639e-06
2.711384595e-07,2.695314382e-06
2.819753609e-07,2.902664374e-06
2.960650875e-07,3.122022195e-06
2.449933407e-07,3.345302304e-06
2.328498433e-07,3.569699302e-06
2.223492395e-07,3.795327782e-06
2.057616124e-07,4.021400038e-06
2.423675065e-07,4.247548214e-06
1.910044559e-07,4.473405516e-06
2.102867458e-07,4.699033375e-06
2.32416498e-07,4.924442485e-06
-5.89739623e-07,4.617243048e-06
-1.49830183e-08,4.394883062e-06
