4.958677053,296.1279508
3.573876621,210.3426832
2.629293918,123.7199095
2.07281869,93.37195626
1.741696781,78.15880724
1.507938178,61.45660957
1.350495162,46.75918989
1.214520483,35.29474404
1.096201019,28.43494208
0.9918311638,22.54203481
0.9033336244,18.46747539
0.8304723738,16.09484165
0.7701971581,13.43957295
0.7185751447,12.21966202
0.6746549402,11.35397552
0.6349691713,10.16846932
0.5988479408,9.956815678
0.5669633972,9.109486287
0.5387492222,8.092317428
0.5131807491,7.510400273
0.4894371677,6.905602858
0.4679787203,6.284552352
0.4477937111,6.167945411
0.4291566041,5.71457124
0.4124792735,5.404372575
0.3968983943,4.766187477
0.3825201818,4.57302968
0.369457216,4.53418937
0.3573698622,4.270337415
0.3461070112,4.319067784
0.3353756295,4.189725359
0.3251682344,3.823790907
0.3152345871,3.738023109
0.3058974469,3.352777027
0.2973770745,3.097611014
0.289299255,3.013670069
0.2816297633,2.960380864
0.2744296751,2.700836978
0.2675985531,2.478608594
0.2611348265,2.521764133
0.2549600332,2.436772214
0.249141963,2.241200297
0.2435415053,2.158137199
0.2381671238,2.078230567
0.2330814086,2.003234553
0.2282264606,1.963488931
0.2235405195,1.842562081
0.2190566601,1.72581913
0.2147891446,1.727993203
0.2106669532,1.67055607
0.2066898303,1.551230889
0.202866664,1.503568785
0.1991827266,1.456227149
0.1955986488,1.329663626
0.1921420488,1.26952204
0.188814497,1.275568001
0.1855800887,1.186372705
0.1824333781,1.165795937
0.179389274,1.161179977
0.1764479533,1.139179091
0.1736104183,1.135266059
0.1708791522,1.072693133
0.1682288166,1.013173372
0.1656348093,0.9347653242
0.1631093907,0.922927541
0.1606497128,0.8906170576
0.1582463429,0.8596606302
0.1559061915,0.8330852043
0.1536667798,0.8220860229
0.1515042335,0.7994252392
0.1494121541,0.7555287942
0.1473895865,0.7781158591
0.1454211669,0.7527247892
0.1434850716,0.7267542976
0.1415924908,0.7018469052
0.1397435194,0.6712694658
0.137941784,0.6367422152
0.1361912256,0.6258850186
0.1344988471,0.6035139171
0.1328535252,0.5672987096
0.1312343726,0.5529414804
0.1296422417,0.5086290425
0.1280981337,0.5131310283
0.1265892885,0.4924569838
0.1251110886,0.4961560344
0.1236698596,0.4769864907
0.1222656708,0.4597375221
0.1208980661,0.4478174425
0.1195591311,0.4248081498
0.1182479654,0.4133476226
0.1169594978,0.3970561682
0.1156948032,0.3822042751
0.1144548392,0.3642190512
0.1132441019,0.3584896225
0.1120608687,0.3549546409
0.1109010127,0.3518527611
0.1097685846,0.339103864
0.1086599782,0.3331446246
0.1075748447,0.3314860636
0.1065093357,0.32730776
0.1054636967,0.3405461705
0.1044404483,0.3475526577
0.1034338364,0.3432447094
0.1024450781,0.3389414998
0.1014749878,0.3233555036
0.1005216948,0.3088934776
0.09958668854,0.2930174049
0.09866819247,0.2836797108
0.09776528028,0.2963116379
0.09687890044,0.2935553872
0.09600891732,0.293101229
0.09515241576,0.2846773047
0.09431142153,0.2790697578
0.09348571809,0.2758898197
0.0926750313,0.2670256087
0.09187824606,0.2560026957
0.09109204603,0.254283824
0.09031909432,0.2499521958
0.08956164882,0.2434492121
0.08881792533,0.2397283976
0.08808919931,0.236904915
0.08737412855,0.2310007192
0.08667213817,0.2291600492
0.08598130456,0.2328469265
0.08530038811,0.2238297877
0.08462951701,0.2143192465
0.08396713518,0.2036904673
0.08331521947,0.200702937
0.08267358486,0.1994310189
0.08204061006,0.1991151187
0.08141686342,0.2003656313
0.08080172401,0.1973613602
0.08019508212,0.1899157533
0.07959774201,0.1838870097
0.07901076039,0.1803914729
0.07843218914,0.1710351414
0.07786089287,0.1651695167
0.07729800945,0.1659191976
0.0767427151,0.1665927193
0.07619545762,0.1679301977
0.07565597103,0.1683624773
0.07512332371,0.1693481459
0.07459787098,0.1726048127
0.07408110182,0.1761812885
0.07357320837,0.1790810366
0.07307275733,0.1798243649
0.07257936151,0.1824807465
0.07209337386,0.1831475215
0.07161381368,0.1845486229
0.07114077923,0.1822848333
0.07067375598,0.1794491116
0.07021257331,0.1769008137
0.06975771784,0.1714326881
0.06930798873,0.1650876
0.0688628553,0.1676188773
0.06842365243,0.1691115507
0.06798999864,0.166854293
0.06756192408,0.1633028967
0.06713885923,0.1605964877
0.06672116606,0.1576380085
0.06630872667,0.15668925
0.06590170289,0.1536630729
0.0655000082,0.1500618752
0.06510261468,0.151678031
0.06470911314,0.1496281269
0.06431975126,0.1466824159
0.06393509512,0.1454760401
0.06355518522,0.146653231
0.06317902698,0.1467376431
0.0628069983,0.1443441707
0.06243931852,0.1412854063
0.06207551646,0.1465293534
0.06171584586,0.148759949
0.0613598475,0.1484573052
0.06100775349,0.1440996225
0.06066000571,0.1469983738
0.06031650629,0.147625266
0.05997700707,0.1434344737
0.05964086987,0.1347544029
0.05930814432,0.1310566211
0.05897920431,0.1343067137
0.05865453694,0.1369909719
0.05833447195,0.1346120505
0.05801826176,0.1291088538
0.05770550633,0.1303758337
0.05739640781,0.1294733987
0.05709055383,0.1288470441
0.05678743264,0.1309873748
0.05648770155,0.1334149885
0.05619192898,0.1342099853
0.05589979248,0.1331185633
0.0556113748,0.1310123308
0.05532637506,0.1295966151
0.055043924,0.1319935548
0.05476369204,0.1337885471
0.05448584289,0.130564317
0.05421021644,0.127718171
0.05393701665,0.1239679908
0.05366663176,0.1225815037
0.05339920766,0.1235456052
0.05313466986,0.1228354251
0.05287253446,0.1208835233
0.05261271801,0.1218185793
0.05235528357,0.1212516529
0.05210017036,0.1230335793
0.05184736639,0.1254114986
0.05159662897,0.124320395
0.05134825445,0.1221740482
0.05110232445,0.1208049569
0.05085868476,0.120970851
0.05061731374,0.1224848455
0.05037855679,0.1236391682
0.05014239158,0.1260635917
0.04990873809,0.1257361492
0.04967737181,0.1229980435
0.04944787694,0.1225093516
0.04922058172,0.1221158383
0.04899543638,0.1239381215
0.04877258451,0.1235344458
0.04855202242,0.1206290288
0.04833385695,0.1173890251
0.04811766972,0.1156341586
0.0479030339,0.1165815128
0.0476897317,0.1166250223
0.04747817582,0.12004335
0.04726857366,0.1218627955
0.04706125623,0.122220914
0.04685648894,0.121985236
0.04665409565,0.1212563143
0.04645419707,0.1194287798
0.04625644214,0.1183706734
0.04606059399,0.1156431019
0.04586607009,0.1111140328
0.04567263205,0.1095332163
0.04548051742,0.1072645663
0.04528991445,0.1043246827
0.04510047714,0.1031388915
0.04491266859,0.1028419058
0.04472707938,0.1025996216
0.04454288595,0.1014566876
0.04435965998,0.09874369406
0.04417758223,0.09764908926
0.0439973331,0.0978223786
0.04381861128,0.0989106397
0.04364094783,0.0964649455
0.04346417711,0.09500462106
0.04328861396,0.09254130439
0.0431143085,0.09044295857
0.04294119959,0.08517692031
0.04276921879,0.08108964611
0.04259858804,0.08062304905
0.0424295896,0.08177835077
0.0422618311,0.08511542456
0.04209521056,0.08777892237
0.04192982413,0.08683057823
0.04176566468,0.0856644815
0.04160285376,0.08672712681
0.04144153701,0.08785776076
0.0412814379,0.08935685492
0.04112252656,0.09305998748
0.04096470834,0.09124953135
0.04080785345,0.09084090865
0.04065190772,0.08858524118
0.0404970215,0.08555409555
0.04034314889,0.08469227174
0.04019031542,0.08446048458
0.04003871636,0.08262337965
0.03988827068,0.07872036662
0.03973896567,0.07696550034
0.03959082203,0.07897049981
0.03944398406,0.07744112672
0.03929872089,0.0763852794
0.03915510714,0.07990652639
0.03901262401,0.0823998176
0.03887099275,0.08503485019
0.03873080844,0.08609504938
0.03859184646,0.08693918977
0.03845400247,0.08425090528
0.03831720891,0.08030728874
0.03818129645,0.07854530258
0.03804602139,0.07793664647
0.03791146284,0.0778319875
0.03777775927,0.07910304225
0.03764469306,0.07972907079
0.03751229762,0.07867749382
0.03738086341,0.07751879082
0.03725045777,0.07780264388
0.03712121091,0.0758473501
0.03699291761,0.07489140701
0.03686544093,0.07564532773
0.03673898978,0.07431173011
0.03661353892,0.07208914445
0.03648908116,0.06969982625
0.03636547858,0.07058912708
0.03624272671,0.07194872162
0.03612085443,0.07365192913
0.03599974105,0.07498569794
0.03587932303,0.07641479047
0.03575950795,0.07555159815
0.03564023462,0.07610068474
0.03552149313,0.07618236549
0.03540337334,0.07446937512
0.03528590564,0.07478441353
0.03516913576,0.07570553446
0.03505327375,0.07530225674
0.03493828176,0.07428830773
0.03482412251,0.07446332573
0.03471085152,0.07749228621
0.03459848414,0.07729565286
0.03448711384,0.07891694236
0.0343765888,0.07877452067
0.03426683909,0.07704714967
0.0341577726,0.07655606957
0.03404943897,0.07577667723
0.03394184663,0.07314665117
0.0338349555,0.07276779176
0.03372883412,0.07162133114
0.03362358835,0.07229932601
0.03351913891,0.06999899331
0.0334152838,0.06852717134
0.03331210239,0.06902799679
0.03320975903,0.06875784847
0.03310820647,0.06869665572
0.03300731225,0.06832377152
0.03290703532,0.06728444476
0.03280712152,0.06539163866
0.03270765107,0.06485717498
0.03260868863,0.06425450401
0.03251031722,0.0638606255
0.03241249976,0.0646314457
0.03231508185,0.06514866493
0.03221811116,0.06508446905
0.03212160749,0.06354329592
0.03202551489,0.06244103706
0.03192995448,0.060708234
0.03183498049,0.05842770148
0.03174049631,0.05671855917
0.03164650405,0.05604301111
0.03155307428,0.05622658639
0.03146022238,0.05465029969
0.03136795405,0.05150456566
0.03127619773,0.05018645959
0.03118508852,0.05015702578
0.03109467658,0.04941506603
0.03100503261,0.0497499811
0.03091607047,0.05095976853
0.03082748741,0.05140652929
0.03073923773,0.04966327631
0.0306512996,0.05045986864
0.03056362377,0.05113822769
0.03047619461,0.05262783958
0.03038911491,0.05362770508
0.03030252257,0.05431239425
0.03021645186,0.05516094578
0.0301309327,0.05632368481
0.0300459271,0.0576341044
0.02996154969,0.05836974298
0.02987776813,0.05822444607
0.02979447257,0.057113361
0.02971162388,0.05505981074
0.0296291555,0.05397149866
0.02954715933,0.05363634617
0.02946570791,0.05403628806
0.02938482289,0.05426071237
0.02930430797,0.05281802317
0.02922407494,0.04955532119
0.02914421163,0.0473613226
0.02906477073,0.04627676013
0.02898575548,0.04615058251
0.02890719348,0.04495341856
0.02882908435,0.04481017336
0.0287513607,0.0468385595
0.02867405174,0.04769275492
0.02859716462,0.04900250377
0.02852070776,0.05027072468
0.02844469714,0.05004671607
0.02836914532,0.04936955347
0.02829410984,0.04860499971
0.02821961978,0.04875277709
0.02814574765,0.04907536641
0.02807243377,0.05030481651
0.02799955563,0.05076766155
0.02792698409,0.05124734459
0.02785471653,0.0514093586
0.02778280102,0.05103568816
0.02771121832,0.04965125786
0.02764004533,0.04766512417
0.02756925339,0.04570706324
0.0274988117,0.04384665164
0.02742871973,0.04191528947
0.0273589623,0.04204495203
0.02728951734,0.04271162918
0.0272203656,0.04411700144
0.02715144721,0.04606662164
0.02708279636,0.04852016174
0.02701446664,0.05047521308
0.02694653451,0.05076529101
0.02687901621,0.05096228602
0.02681179991,0.0508421102
0.02674486252,0.05085509484
0.0266782583,0.05060886363
0.02661199659,0.05103300097
0.02654607698,0.05151392059
0.02648047835,0.05155758008
0.02641524468,0.05101746356
0.02635039398,0.05027932351
0.02628588136,0.04929521294
0.02622167273,0.04804678963
0.02615778473,0.04645122115
0.02609422182,0.04563564307
0.02603096956,0.04538542837
0.02596801364,0.04640935838
0.02590535965,0.04847162833
0.02584302158,0.04991855259
0.02578097956,0.05032740493
0.02571923815,0.05040025614
0.02565776984,0.05052470754
0.02559659594,0.05083792461
0.02553576136,0.04979638768
0.02547529445,0.04910334174
0.02541514727,0.0486672519
0.02535530252,0.04839012744
0.02529570089,0.04768854389
0.02523630811,0.04729701998
0.02517714298,0.04751720018
0.02511825646,0.04738329146
0.02505958395,0.04607297644
0.02500113454,0.04444346746
0.02494297739,0.04355088021
0.02488509973,0.04284850606
0.02482747763,0.04223240001
0.02477009109,0.04217256771
0.02471297078,0.041964581
0.02465610366,0.04168396997
0.02459948769,0.04189781714
0.02454312713,0.04191891858
0.02448701511,0.04206429412
0.02443111706,0.04135899888
0.02437542723,0.04035207569
0.02431995309,0.03979281282
0.02426470411,0.03995431052
0.02420972228,0.04080963752
0.02415502255,0.04187208697
0.02410058147,0.04341786187
0.02404635396,0.04502073083
0.0239923262,0.04594163651
0.02393852914,0.04645575255
0.02388496155,0.04700906291
0.02383162083,0.04680832846
0.02377847952,0.04593981614
0.02372555295,0.04467793447
0.02367284208,0.04301397998
0.02362039155,0.04147033828
0.02356818992,0.04021863668
0.02351618276,0.03928080599
0.02346441389,0.03868527695
0.02341294568,0.03812164469
0.02336173195,0.03754251458
0.02331074726,0.03773561662
0.0232599697,0.03760202055
0.02320942269,0.0373288299
0.02315913937,0.03811942069
0.02310908998,0.03941170858
0.02305930986,0.04059858627
0.02300980049,0.04081440242
0.02296057189,0.04026184143
0.02291163768,0.0404781774
0.02286294865,0.04006320843
0.02281448563,0.040179349
0.02276620632,0.03976928517
0.02271812431,0.03927284117
0.022670273,0.03863173921
0.02262256395,0.03893489012
0.02257506939,0.03925423436
0.02252777688,0.03946313316
0.02248065355,0.0387965355
0.0224337402,0.038644621
0.02238699407,0.03781459011
0.02234039361,0.03761953338
0.02229394385,0.03739533534
0.02224765966,0.03585996485
0.02220158693,0.03488509813
0.02215572122,0.03462651535
0.02211004129,0.03506956541
0.02206458572,0.03497167083
0.02201930969,0.03548971851
0.02197419918,0.03587703832
0.02192929706,0.03622894337
0.02188456622,0.03695348997
0.02183999452,0.03763586624
0.02179556486,0.0386955576
0.02175132673,0.03988905915
0.02170723876,0.04070131807
0.02166327849,0.04149395622
0.02161943081,0.04229261488
0.02157566791,0.04240813928
0.02153204489,0.04158923362
0.02148855765,0.04123270982
0.02144524228,0.04099398735
0.02140211848,0.04042449405
0.02135919376,0.04038070726
0.02131651081,0.04032117625
0.0212740339,0.04024805549
0.02123178171,0.04012612503
0.0211897938,0.0395909136
0.02114805323,0.03935672752
0.02110651519,0.03922810338
0.02106516158,0.03920605256
0.02102393153,0.039381463
0.02098279774,0.03910690365
0.02094182633,0.03952089418
0.02090106267,0.03918167591
0.02086049593,0.03890355737
0.02082009635,0.03842944436
0.02077987543,0.03824191005
0.02073980969,0.03780974149
0.02069987077,0.03656158535
0.02066003565,0.03476730046
0.02062029957,0.03366850489
0.02058069935,0.03248204954
0.02054123278,0.03112677802
0.02050191029,0.03023241825
0.02046273408,0.03083064742
0.02042371102,0.03136230043
0.02038482658,0.03201397337
0.0203460861,0.03234951141
0.0203075036,0.03195854929
0.02026905187,0.03179421791
0.02023071428,0.031596727
0.02019252162,0.0305913157
0.02015449665,0.02973578649
0.02011658387,0.02933117838
0.0200787838,0.02955771858
0.02004111436,0.02986440091
0.02000356373,0.03051636325
0.01996613984,0.03033450463
0.01992886996,0.02968896338
0.0198917705,0.02895667887
0.01985482641,0.02918473446
0.01981802664,0.02911577082
0.01978136589,0.0292674707
0.01974485469,0.02965982587
0.01970850108,0.03034479943
0.01967232451,0.03149423182
0.01963632439,0.03261602733
0.01960044473,0.03333769878
0.1916886239,4.573920297
0.1031126308,4.086806311
0.06651360145,3.336057147
0.04968190283,2.682567509
0.03962852399,2.177708241
0.03199282915,1.990998443
0.0278689326,1.719665412
0.02530284662,1.539379765
0.02309497321,1.398181566
0.02140201004,1.261606924
0.01946341964,1.189852611
0.01765764545,1.078727964
0.01625688476,0.9850210009
0.01495339142,0.9182396369
0.01379864789,0.8787559013
0.01282749319,0.7679249874
0.01201639583,0.7659151043
0.01127410956,0.7332239991
0.01069611663,0.6650207517
0.0101605347,0.6009074715
0.009592753919,0.6473327384
0.009102806621,0.5976823377
0.008712952462,0.5304220815
0.008355314287,0.5425154863
0.008101091447,0.5085018861
0.00790307754,0.4898388132
0.007743986747,0.4817542796
0.007565599757,0.4576221177
0.007332766509,0.4458483411
0.007072653131,0.4246635073
0.006851355037,0.4227415853
0.006619272024,0.4016130824
0.006384418631,0.3883571606
0.006163760923,0.3783235758
0.005985551576,0.3440303801
0.00583795948,0.3162975808
0.0057286747,0.3145882847
0.00564717508,0.3003042243
0.005582818726,0.3114407404
0.005514265191,0.3169748
0.005420264333,0.3185661145
0.005323141922,0.2842352655
0.005226242794,0.2891753765
0.005129627426,0.2816565805
0.005031131966,0.2785307193
0.004923317253,0.2544492016
0.004806726893,0.2486960761
0.004695487965,0.2403978943
0.004593143535,0.2282020207
0.004499277524,0.2264559655
0.004411824721,0.2169709619
0.004334573632,0.2124403979
0.004263690528,0.2085678498
0.00419616588,0.2109673965
0.004123205906,0.1995210539
0.004047783297,0.1904180255
0.003976370876,0.1907978454
0.003900323348,0.1865239056
0.003823574302,0.1828537009
0.003745049709,0.1761783371
0.00366782442,0.1643237003
0.003590973953,0.1517733839
0.003512839253,0.1558407061
0.003437536628,0.171357002
0.003366509443,0.1724460006
0.003301006321,0.1630598383
0.00323768987,0.1541093738
0.003176097526,0.1594533252
0.003116372202,0.1605387649
0.003058454151,0.1558995291
0.003002059504,0.1589184064
0.002948024093,0.1564988405
0.002897340432,0.1576656471
0.002851025442,0.1519172903
0.002805086297,0.1444004697
0.002759776518,0.1400179099
0.002715342359,0.1401832651
0.002669404562,0.1341334615
0.002617735506,0.1418101382
0.002559984856,0.1396773267
0.002501478845,0.1330649005
0.002445828698,0.1331311319
0.002391979329,0.1353818712
0.00234153389,0.1351910856
0.002295021466,0.1341353215
0.002252192124,0.126627324
0.002214487481,0.1242986899
0.002181794204,0.1229657557
0.002153903892,0.123041611
0.00212740311,0.1247187241
0.002102703636,0.1213511217
0.002079574345,0.1172833369
0.00205600733,0.1113960715
0.002031953399,0.1149309792
0.002007367965,0.1139309574
0.001983354937,0.1103389016
0.001959979396,0.1072734325
0.001935767444,0.1073394145
0.001911639232,0.1050248864
0.001889120291,0.1027647227
0.001867854955,0.1027684433
0.001847760291,0.09796210797
0.001829825937,0.09659822963
0.001813977747,0.09528461738
0.001797171313,0.09088787504
0.001778316947,0.0889336898
0.001757486898,0.08703565549
0.001735127106,0.08954471441
0.001711227591,0.09146734366
0.001685902992,0.0928468395
0.001660619756,0.09220098758
0.001637051335,0.09143446871
0.001615890047,0.09157663184
0.001597170088,0.08849961015
0.001581247931,0.0903499579
0.001567334584,0.09049501225
0.001555068714,0.08737103482
0.001545503501,0.08465469825
0.001537354974,0.08316941373
0.001530295671,0.08245405502
0.001522991634,0.08277379765
0.001515693583,0.08642039846
0.001508483488,0.08881281827
0.001502195293,0.08874479062
0.001496978402,0.09070111391
0.001491567899,0.0915928978
0.001486155516,0.09223362684
0.001480737814,0.09284922814
0.001476251818,0.09295507522
0.001472564174,0.09118158317
0.001468942146,0.09036683887
0.00146529504,0.08858327569
0.001461939217,0.08589477114
0.001458715015,0.08525889623
0.001455852825,0.08507442326
0.001452930101,0.08679939728
0.00145116728,0.08837423165
0.001450084094,0.08857817795
0.001449601391,0.08855712511
0.001449845966,0.08582266932
0.00145024525,0.08199714329
0.001450045561,0.08033854917
0.001448800975,0.07734811959
0.001446226738,0.07230587838
0.001442393461,0.06655439876
0.001437901169,0.06477305125
0.00143281913,0.06439124456
0.001426776585,0.06754372613
0.001420652381,0.07090985164
0.001414568878,0.07440578148
0.001408310092,0.07535028745
0.001402109861,0.07484506779
0.001395814629,0.07176435296
0.001389067161,0.06891193084
0.001381570925,0.06559200097
0.001373548836,0.06449894318
0.001364805016,0.06154200347
0.001355552093,0.05817326025
0.001346109206,0.05637839729
0.001336490885,0.05670480762
0.001326503199,0.05889449386
0.001316006884,0.06169148671
0.001304458293,0.06351178866
0.001292219156,0.06634223981
0.001279834435,0.07061676835
0.001267372418,0.0725286972
0.001254622536,0.07334315504
0.001241786693,0.07276110012
0.001229166659,0.0727278161
0.001216808669,0.07304355663
0.001204367465,0.07318190142
0.001191510178,0.07182206956
0.001178300322,0.07115416297
0.001165017407,0.07169520168
0.001152006711,0.07243331277
0.001139601958,0.07335563217
0.001128234704,0.07499615901
0.00111806607,0.07445140067
0.001108827074,0.07286031716
0.001100094612,0.07090506343
0.001091851998,0.06927725786
0.00108391484,0.06895438191
0.001075832382,0.06783140874
0.001067607585,0.06742554197
0.001058891295,0.06670058004
0.00104981931,0.06696718206
0.0010400922,0.06680492476
0.001029918127,0.06620606572
0.001019822342,0.06656753053
0.001010314693,0.06748931962
0.001001619057,0.06761253045
0.0009937614158,0.06597947958
0.0009865681299,0.06402073626
0.0009798841869,0.06101038367
0.0009737664983,0.058918055
0.0009680631695,0.05726017381
0.0009625679747,0.05749742324
0.0009571629338,0.05794502605
0.0009521015584,0.05653733433
0.0009473019582,0.05496397448
0.0009425367128,0.05417521642
0.0009378701028,0.0552483266
0.0009336309964,0.0553065422
0.0009299572486,0.05539629789
0.0009264618727,0.05634528429
0.0009231454284,0.05602428453
0.00091980339,0.05591351138
0.0009163724487,0.05550673094
0.0009128777394,0.05583873863
0.000909524043,0.05702973666
0.0009063175541,0.05760821069
0.0009031791892,0.05871530815
0.0009002593463,0.05982197332
0.000897606201,0.0613547957
0.000894855714,0.06214126154
0.0008916814561,0.06155133338
0.0008880965721,0.06210615921
0.0008841144191,0.06338082474
0.0008798939225,0.06494959445
0.0008756544798,0.0645798183
0.0008715480874,0.0643634979
0.0008676107388,0.06410186663
0.0008639512785,0.06327467578
0.0008608153255,0.06283109314
0.0008580571356,0.06230174073
0.0008555576579,0.06063812456
0.0008534089689,0.0619673403
0.0008515790965,0.06388040478
0.0008498954362,0.06569423568
0.0008482441851,0.06607374398
0.0008465612997,0.06666923486
0.0008449083902,0.0662449391
0.0008433956065,0.06454993933
0.0008420655993,0.06177303227
0.0008410032072,0.05931576056
0.0008399334536,0.05722032293
0.0008386807256,0.05475450692
0.000837335087,0.0534050242
0.0008357018241,0.05287392458
0.0008338247333,0.05237618339
0.0008316647502,0.05256541008
0.0008292693111,0.05269173478
0.0008266383152,0.05208033988
0.0008239019914,0.0523499082
0.000821129768,0.05308890558
0.0008179185597,0.05333380689
0.000813947981,0.05367928931
0.0008093978501,0.05267054477
0.0008044993483,0.05192951646
0.0007993590864,0.0506120684
0.0007943746501,0.04939212202
0.0007895546763,0.04798313153
0.0007848409704,0.04795698297
0.0007805333364,0.04916742189
0.0007766017218,0.04981917934
0.0007728815296,0.04970539617
0.0007694826763,0.04927072971
0.0007663574066,0.04807148463
0.000763212921,0.04829895839
0.0007599891029,0.04851858931
0.0007565383371,0.04882693957
0.0007526816881,0.049236289
0.0007483608781,0.04873763451
0.000743663942,0.04860365622
0.000738755116,0.04795805383
0.0007337431596,0.04724499757
0.0007287344929,0.04720822917
0.0007237159803,0.04671671875
0.0007186271857,0.04775906796
0.0007133814269,0.04842986328
0.0007081970751,0.04940655029
0.0007030508483,0.04929411751
0.0006980570041,0.05024869491
0.0006931129904,0.05062280364
0.0006883777897,0.05039924759
0.000683684416,0.04790715796
0.0006791669349,0.04556596965
0.0006749423093,0.04416107467
0.0006712148377,0.04462314043
0.0006679206324,0.04604012188
0.0006649360301,0.04764540527
0.000662323129,0.04785053058
0.0006598981117,0.04891635499
0.0006575039359,0.04843576987
0.0006552626061,0.04791728527
0.0006531208182,0.04692265573
0.0006510308875,0.04640798282
0.0006489111084,0.04676028167
0.000646706415,0.0475796087
0.0006443117936,0.04782678373
0.0006417819668,0.04778813499
0.0006392898254,0.04823120141
0.0006369345803,0.04882182176
0.00063464626,0.04846739273
0.000632530812,0.04706713951
0.0006306393224,0.04703177185
0.0006289115774,0.04676301621
0.0006273704873,0.04556348631
0.0006260786892,0.04405313009
0.0006249289179,0.04313262577
0.000623685651,0.04239520702
0.0006222721382,0.04176243485
0.0006207753068,0.04186103585
0.0006192351737,0.04286021141
0.0006176792668,0.04391563008
0.0006160777312,0.04423566072
0.0006144152131,0.04517700287
0.0006127630832,0.04626215409
0.00061109405,0.04621166005
0.0006093814219,0.04643925556
0.0006076066893,0.04688416981
0.0006057477664,0.04744016669
0.0006039188268,0.04784551915
0.0006021110664,0.04828634105
0.0006002854618,0.04859008847
0.0005983181263,0.04680746222
0.0005963363941,0.04480299023
0.0005945487275,0.0443290578
0.0005929820023,0.04297581952
0.0005916848196,0.04366001977
0.0005907470317,0.04429970082
0.0005900574751,0.04435678981
0.0005894936509,0.04441836543
0.0005891062592,0.04467567433
0.0005889638458,0.04423797525
0.0005888785663,0.0437022938
0.000588691026,0.0426293076
0.0005883182505,0.04241370778
0.0005876993068,0.04194248182
0.0005869288578,0.04048910852
0.0005859449393,0.0399043197
0.0005846586965,0.03779755869
0.0005833122588,0.03578082792
0.0005819671097,0.03481080939
0.000580642441,0.03422943717
0.0005793497558,0.03405746111
0.0005780519791,0.03304270963
0.0005766798012,0.03137688293
0.0005752689222,0.03009867135
0.0005739239679,0.02971451232
0.0005725557432,0.03076949988
0.0005712291306,0.03198314082
0.0005697518649,0.03336702096
0.0005681818347,0.03443194575
0.000566629992,0.03437055255
0.000565075026,0.03402954927
0.0005634223654,0.03378122774
0.0005616293888,0.03302861559
0.0005596940613,0.0331996086
0.0005575059839,0.03412684631
0.0005550611547,0.03427958672
0.0005524772598,0.03337215406
0.0005498243713,0.03398708862
0.0005469928661,0.03472585625
0.0005440804331,0.03537898271
0.0005412384921,0.03640887557
0.0005385876468,0.03753282741
0.0005361275642,0.03884336686
0.0005338694956,0.03888404828
0.0005318127865,0.03892053704
0.00052990013,0.03893106038
0.000528124334,0.03904906463
0.0005265384564,0.03954386312
0.0005250693537,0.04048997769
0.0005236007912,0.04164283333
0.0005220725826,0.04188261515
0.0005204549259,0.04141538265
0.0005188830814,0.0397981004
0.0005174465813,0.0386784042
0.0005160882347,0.03805834864
0.0005146986357,0.03706649532
0.0005132024161,0.03641316205
0.0005115732107,0.03615319178
0.000509802652,0.03596404701
0.0005079609029,0.03523449037
0.0005060827133,0.03436907779
0.0005041399303,0.03344807528
0.0005021327457,0.0324322391
0.000500110384,0.03202217799
0.000498096463,0.03243585229
0.0004961067376,0.03308459664
0.0004940611041,0.03272449089
0.0004920682917,0.03117051264
0.0004902194026,0.03027444664
0.0004885118522,0.02918655645
0.0004869655166,0.02830604169
0.0004855331605,0.02816856111
0.0004841552332,0.02842815932
0.0004828226658,0.02866106746
0.0004815167109,0.02850696837
0.0004802689939,0.028485736
0.0004790572852,0.02857368693
0.0004778576061,0.02913230347
0.0004766794487,0.02927801811
0.0004754584744,0.02918978517
0.0004742360212,0.02983691534
0.0004730873761,0.0307534543
0.0004720189794,0.03147378646
0.000471050105,0.03274727167
0.0004702100103,0.03306600912
0.0004694396107,0.03314227184
0.0004686982222,0.03387969302
0.0004679852312,0.03398382585
0.0004673080038,0.03447760164
0.0004666317159,0.03506859506
0.000465950418,0.03486062323
0.0004652612321,0.03474499435
0.0004645274353,0.03433405979
0.0004636653896,0.03383290256
0.0004626734693,0.03335180441
0.0004615701946,0.03323927558
0.0004604696649,0.03296526643
0.0004594190552,0.03294324093
0.0004584606584,0.03288630506
0.0004576133967,0.0324260506
0.0004568828961,0.03202389757
0.000456253924,0.0319943447
0.0004557002081,0.03226370452
0.0004552362044,0.03271508495
0.0004548600166,0.03324217645
0.0004545703787,0.03293677919
0.0004543203378,0.0324047026
0.0004540551925,0.03145891827
0.0004538050245,0.03080460385
0.0004535069943,0.0299255367
0.0004531104001,0.02893723919
0.0004526104828,0.02827319378
0.0004520050343,0.02804572853
0.0004513226144,0.02817368992
0.0004505567546,0.02805916163
0.0004497333298,0.0281351909
0.0004488644499,0.02799816926
0.0004479956391,0.02726215678
0.0004472049358,0.02658615647
0.0004465083712,0.02577064707
0.0004458817496,0.02520846469
0.000445277365,0.02563517925
0.0004446632961,0.02626096454
0.0004440090455,0.02668066145
0.0004433210576,0.02701613798
0.0004426063712,0.02737723304
0.0004418442294,0.02782663234
0.0004409931952,0.02819157592
0.0004400385002,0.02830528525
0.0004389930008,0.02828433084
0.0004378705082,0.02850692081
0.0004366631714,0.02884958375
0.0004353830543,0.02955707336
0.0004340950267,0.02992044572
0.0004327979178,0.0300745767
0.0004314649641,0.02998561461
0.0004301036692,0.02958676869
0.0004286823331,0.02924068989
0.0004271717526,0.02892209814
0.0004256024946,0.02899541768
0.000424016383,0.02902242446
0.0004224338641,0.02965644197
0.0004208930596,0.03059371779
0.0004194125797,0.03079975565
0.0004180266852,0.03111839438
0.0004167646455,0.03133175911
0.0004156290774,0.03110583004
0.0004145959056,0.03016153931
0.0004136180995,0.02907449464
0.0004126362735,0.02768487037
0.0004116317926,0.02630531214
0.000410602792,0.025852137
0.0004095585584,0.02552655036
0.0004084793008,0.02577106549
0.0004073626831,0.02593357142
0.0004062321123,0.0266444491
0.0004051002516,0.02708948355
0.000404015012,0.02755923479
0.0004029954297,0.02787426797
0.0004020350606,0.02772622713
0.0004011827454,0.02717082623
0.0004004136549,0.02713365818
0.0003997136988,0.02694601829
0.0003991091342,0.02737005361
0.0003986108875,0.02779030974
0.0003981561425,0.02800403942
0.0003977108068,0.02785059545
0.0003972764701,0.02764627082
0.0003968297937,0.02721903977
0.0003963669668,0.02669548648
0.0003958598219,0.02619040916
0.0003953079417,0.0258772222
0.0003946929794,0.0255947773
0.0003940647457,0.02553739366
0.000393441664,0.02539097444
0.0003928300355,0.02546816748
0.0003922225494,0.02583125142
0.0003916736033,0.02631485268
0.0003912046427,0.02659572526
0.0003908130798,0.02663132024
0.0003904920359,0.02676072395
0.0003902348839,0.02695546361
0.0003900356228,0.02702909808
0.0003898721424,0.02672395382
0.0003897364074,0.02642891207
0.000389604315,0.02611090308
0.0003894466954,0.02542172973
0.0003892470469,0.0250458868
0.0003889729315,0.02494431467
0.0003886214845,0.02488027198
0.0003882095164,0.02478276658
0.0003877571587,0.02432705687
0.00038726018,0.02411543955
0.0003867301396,0.02403996137
0.000386197448,0.02403892534
0.0003856838507,0.02426185122
0.0003851975712,0.02452258829
0.0003847474296,0.02471641493
0.0003843415415,0.02488463289
0.0003839755498,0.02507843316
0.0003836334266,0.0251042302
0.0003832900823,0.02479693299
0.0003829222141,0.02455553421
0.0003825046132,0.02399869431
0.000382016063,0.02371080649
0.0003814658578,0.02338935074
0.0003808644115,0.02318847103
0.000380213796,0.02290460229
0.0003795406624,0.0227751783
0.0003788443865,0.02257499339
0.0003781215835,0.02292980196
0.0003773348802,0.0232409114
0.0003764810084,0.02373714348
0.0003755493269,0.02411041319
0.0003745119118,0.02454599244
0.0003733743031,0.02512908535
0.0003721438914,0.02593974438
0.0003708461345,0.0266090755
0.000369488258,0.0275097748
0.000368103156,0.02824162203
0.0003667054508,0.02892448633
0.0003653076158,0.02949338958
0.0003639356371,0.02995517346
0.0003625754178,0.03000572732
0.0003612119458,0.02958766403
0.0003598344017,0.02926136829
0.000358447269,0.02900219716
0.0003570567986,0.02888825205
0.0003556816972,0.02882340149
0.000354337996,0.0287778827
0.0003530395017,0.0284841624
0.00533294194,0.0957239234
0.003624456093,0.09081639354
0.002948705122,0.08122618646
0.002467801282,0.07570558087
0.00209236743,0.07298566258
0.001842426586,0.07069714238
0.001691292259,0.06661469063
0.001556557856,0.06182116952
0.001401633225,0.06307580583
0.001266845692,0.06669812741
0.001189769161,0.0627359602
0.001132444527,0.06212369728
0.001085995016,0.05567618096
0.001020905281,0.05202561586
0.0009390098447,0.05293606996
0.0008560867985,0.0557811125
0.0007866363161,0.0586039682
0.0007333034231,0.05587454735
0.0006866771013,0.05365774787
0.000641145712,0.05379227885
0.0006029736292,0.05262158334
0.0005754177661,0.05162294016
0.0005531236966,0.05219968833
0.0005308789914,0.05065655355
0.0005069809815,0.0471703235
0.0004807256781,0.0511696449
0.0004616430543,0.05226493076
0.0004558034736,0.05263619598
0.0004577786375,0.05076906805
0.0004599746352,0.05393436764
0.000464779534,0.05157591316
0.000471692687,0.04719385871
0.000476560533,0.04767946667
0.0004789697575,0.04201493834
0.0004734105278,0.03895537134
0.0004595857021,0.04478906355
0.0004457215917,0.04667245757
0.0004353596377,0.04520271255
0.0004272741174,0.04585178833
0.000422108191,0.04526157114
0.0004198865593,0.04449571225
0.0004188144904,0.04356009143
0.0004182473752,0.04057436492
0.0004152717641,0.0359461947
0.0004069262951,0.03758451766
0.0003941586787,0.04071409838
0.0003791574769,0.04393373228
0.0003645614319,0.04535661532
0.0003529222653,0.04324838198
0.0003436656968,0.04159817318
0.0003353542791,0.04096077838
0.0003270069842,0.04161129349
0.0003188496687,0.04224251415
0.0003109654614,0.04110314992
0.0003026291994,0.04093177428
0.0002935996365,0.04283616818
0.0002856162898,0.04474747398
0.0002811301197,0.04471551152
0.0002809821222,0.04305904091
0.0002840844748,0.03979289175
0.0002880731949,0.03618232836
0.000291095545,0.03571881185
0.0002934124975,0.0369664676
0.00029576957,0.03609941324
0.0002980178336,0.03508503125
0.0002995759249,0.03456044529
0.0003002879342,0.03439879214
0.0003004994259,0.03721290014
0.0003011878139,0.03953391603
0.0003028727835,0.0369639559
0.0003045333954,0.03201049545
0.0003047187183,0.03120004329
0.0003033007512,0.03376587932
0.0003009424374,0.03609596199
0.0002982849829,0.03751045435
0.000295563756,0.03611301467
0.0002925608169,0.0348446808
0.0002890402746,0.03585836594
0.0002854359368,0.03724054045
0.000282198547,0.0378348535
0.0002794666861,0.03733873267
0.0002772992429,0.0355679344
0.0002755969994,0.03433679345
0.0002741702064,0.0343826565
0.0002732283993,0.03520720873
0.0002732075333,0.0348559399
0.00027422079,0.03474122846
0.0002762099183,0.03400446503
0.0002788030955,0.0324512187
0.0002814220292,0.03166807996
0.0002836570568,0.03205595418
0.000285478418,0.03296366824
0.0002870020144,0.03268241699
0.0002882163729,0.03275067984
0.0002892041058,0.03379121715
0.0002902565194,0.03466651755
0.0002914211068,0.03309774364
0.0002925560154,0.03156188105
0.0002932713882,0.03129024248
0.0002933767884,0.03052622817
0.0002928224629,0.0294557895
0.0002915705614,0.02863369402
0.0002895772073,0.02925954831
0.0002869211821,0.03124047991
0.000283846402,0.03286831382
0.0002805948412,0.03237287914
0.0002771220529,0.03003462176
0.0002731917574,0.02796784233
0.0002686119468,0.0281665172
0.0002633947054,0.03026289016
0.0002576882689,0.03201032894
0.0002517357935,0.0333333716
0.00024572325,0.03396806248
0.0002398574727,0.03412483256
0.0002343038517,0.03431127336
0.0002292830553,0.03387509406
0.0002249764408,0.03260123534
0.0002213396842,0.03108600148
0.0002179820219,0.02933008394
0.0002145667501,0.02798417967
0.000211042183,0.02785786232
0.0002074391278,0.02899893253
0.0002039085982,0.02981971023
0.0002005395391,0.02921545697
0.0001972064745,0.02825927668
0.0001937747063,0.02826393604
0.000190279816,0.02897708172
0.0001868800041,0.0289042062
0.0001836354112,0.02786410852
0.0001803948818,0.02665873556
0.0001769848703,0.02638210385
0.0001734316397,0.02751243006
0.0001699577317,0.02862277543
0.0001666939531,0.02916101454
0.000163652683,0.02972447914
0.0001606979152,0.02867404605
0.0001575887113,0.0278980056
0.0001541336831,0.02807485574
0.0001503037795,0.02845041567
0.0001462426892,0.02907013214
0.0001422020214,0.02992958472
0.0001385273219,0.0304450929
0.0001355600683,0.03117816822
0.0001335614804,0.03160402721
0.0001325668904,0.03132500843
0.0001322792332,0.02974626373
0.0001321673737,0.02720259796
0.0001317459553,0.02531685338
0.0001307797739,0.02569066166
0.0001293519136,0.02670429737
0.0001277627992,0.02844064826
0.0001263684179,0.02946219341
0.000125436405,0.02973089181
0.000125049267,0.02913327471
0.0001250779538,0.02744402107
0.0001251798344,0.0257383006
0.0001249532157,0.02407187757
0.0001241411835,0.02305190058
0.0001225398794,0.02390103572
0.000120112144,0.02559595191
0.0001169761914,0.0270245804
0.0001133415204,0.02815219329
0.0001094257023,0.02835155852
0.0001053849111,0.02772475293
0.0001012379323,0.02640707713
9.686190061e-05,0.02517007357
9.208469392e-05,0.02500903817
8.681006555e-05,0.02591517989
8.110321471e-05,0.02725498459
7.518671787e-05,0.02800806779
6.938061745e-05,0.02881434699
6.40276352e-05,0.02966310081
5.94508686e-05,0.0297989254
5.595326493e-05,0.02898582159
5.368109987e-05,0.02771432223
5.246742018e-05,0.02597131127
5.186707968e-05,0.02466965289
5.138912504e-05,0.02455611693
5.076246352e-05,0.0250015182
5.002882836e-05,0.02631833631
4.953837604e-05,0.02796486336
4.972125769e-05,0.02851972878
5.082116148e-05,0.02831180705
5.276239362e-05,0.02742976843
5.521055262e-05,0.02607591888
5.780807921e-05,0.02467095399
6.022097424e-05,0.02284095889
6.212566039e-05,0.02066736195
6.325532024e-05,0.0199327645
6.35416589e-05,0.0212841733
6.323515579e-05,0.02387930088
6.275562547e-05,0.02570757812
6.240884863e-05,0.0258928211
6.215887512e-05,0.02474975689
6.175706688e-05,0.02364286199
6.098271386e-05,0.02345168387
5.976826859e-05,0.02344539652
5.812870227e-05,0.02332164386
5.610853495e-05,0.02383219829
5.38222222e-05,0.02472790353
5.151756813e-05,0.0263171136
4.958724327e-05,0.02711663824
4.841362587e-05,0.02725874195
4.816172467e-05,0.02679538386
4.862854702e-05,0.02559541012
4.944439429e-05,0.0244272764
5.036115245e-05,0.02440636478
5.138062732e-05,0.02537572432
5.267299298e-05,0.02672730362
5.435981247e-05,0.02700743504
5.642702173e-05,0.02642728946
5.871639163e-05,0.0253764428
6.104549097e-05,0.02423788858
6.329403459e-05,0.02294048879
6.531691506e-05,0.02214977191
6.695229682e-05,0.02153569643
6.80916797e-05,0.02168506438
6.871833266e-05,0.02272722067
6.888998248e-05,0.02341510011
6.868797536e-05,0.02385487955
6.815956097e-05,0.02386425358
6.7339878e-05,0.02354259573
6.629680191e-05,0.02306208336
6.511645714e-05,0.02337930509
6.391518268e-05,0.02377777958
6.280613369e-05,0.02419552065
6.190619343e-05,0.02469528468
6.132762579e-05,0.02522623139
6.115415536e-05,0.02562110724
6.142450188e-05,0.02582478864
6.211676852e-05,0.02572378899
6.316877902e-05,0.02554779156
6.450502891e-05,0.02517763079
6.599597102e-05,0.02415855267
6.750642196e-05,0.02286187523
6.891493734e-05,0.02220129158
7.013954796e-05,0.02266438821
7.119268798e-05,0.02390561019
7.214612227e-05,0.0244984106
7.308104261e-05,0.02469635528
7.405279625e-05,0.02430425529
7.50625414e-05,0.02379331013
7.608894167e-05,0.02342580703
7.71221607e-05,0.02298417054
7.816074265e-05,0.02253558013
7.918551492e-05,0.0218681757
8.015328917e-05,0.0211532248
8.103990476e-05,0.02084714867
8.185523666e-05,0.02099799735
8.260229155e-05,0.02104856393
8.327281405e-05,0.02036351854
8.381215003e-05,0.01927779703
8.416628605e-05,0.01919482865
8.432409843e-05,0.02056474985
8.438846919e-05,0.02302682663
8.448935276e-05,0.02475974967
8.473174339e-05,0.02546699103
8.51523509e-05,0.02549454944
8.575131868e-05,0.0253623574
8.652479042e-05,0.02503034214
8.744041575e-05,0.02458614044
8.844500475e-05,0.02361972478
8.946359259e-05,0.02300322266
9.044761174e-05,0.02318302204
9.139741334e-05,0.02391537518
9.236512683e-05,0.02457406936
9.341941619e-05,0.02453358011
9.457963454e-05,0.0236990507
9.581475082e-05,0.02291793927
9.70950276e-05,0.02219506783
9.836365849e-05,0.02132374683
9.959176682e-05,0.02042561547
0.0001007284882,0.0195401181
0.0001017214114,0.0190172822
0.0001025291938,0.01913336792
0.0001031407597,0.01975762362
0.0001035613438,0.02018214601
0.0001037879167,0.02020546978
0.0001038052405,0.01976991726
0.0001035971751,0.01907486298
0.000103136611,0.01830514873
0.0001024114448,0.0182914761
0.0001014318337,0.01895583989
0.000100230221,0.02021323724
9.886554056e-05,0.02159854504
9.74254693e-05,0.02261735365
9.599090062e-05,0.02304649524
9.460099098e-05,0.02259396406
9.326916191e-05,0.02155281764
9.1979614e-05,0.02034509177
9.070716012e-05,0.01945114166
8.945047965e-05,0.01932275738
8.81947383e-05,0.0199341959
8.694895182e-05,0.02110412974
8.575690589e-05,0.02252905817
8.468972665e-05,0.02375086134
8.381103422e-05,0.02415601169
8.313865171e-05,0.02367270204
8.261537391e-05,0.02252926358
8.214377217e-05,0.02093368093
8.16252318e-05,0.01967127197
8.099628162e-05,0.01867142529
8.022989574e-05,0.01800996495
7.933929927e-05,0.01793218454
7.835673372e-05,0.01828129879
7.732063609e-05,0.01910626763
7.62739568e-05,0.01980903432
7.524244893e-05,0.01988731612
7.4220662e-05,0.01906507211
7.318008699e-05,0.01795603609
7.208892535e-05,0.01760613978
7.093728288e-05,0.01837775607
6.974917274e-05,0.01960083691
6.857850439e-05,0.0207566497
6.748709038e-05,0.02150030373
6.652231376e-05,0.02180019466
6.572341168e-05,0.02206779484
6.511415569e-05,0.02207089682
6.469459698e-05,0.02212987673
6.442980169e-05,0.02198909239
6.42633032e-05,0.0218145673
6.414352656e-05,0.02190170965
6.404372065e-05,0.02218449284
6.396810493e-05,0.02243117885
6.393471138e-05,0.02230473438
6.395372607e-05,0.02189010227
6.401241056e-05,0.02113366645
6.407468159e-05,0.02037539221
6.409133001e-05,0.01951209022
6.400532743e-05,0.01848463244
6.376525414e-05,0.01791632339
6.333532143e-05,0.01799890246
6.270511572e-05,0.01909904604
6.189422729e-05,0.02042405474
6.094356859e-05,0.02124926976
5.989556683e-05,0.02147192029
5.877452295e-05,0.02102331737
5.75823675e-05,0.02014512163
5.630279459e-05,0.01920302094
5.491159472e-05,0.01846989669
5.338115898e-05,0.01827663651
5.17029317e-05,0.01863515603
4.989387967e-05,0.01945698528
4.799394021e-05,0.02035195141
4.605338255e-05,0.02096073051
4.411373685e-05,0.02101957977
4.219353509e-05,0.02070978537
4.028604116e-05,0.02038752852
3.837772445e-05,0.02013137758
3.647190792e-05,0.02007210352
3.460513271e-05,0.02046538649
3.285692071e-05,0.02122519256
3.135950075e-05,0.02209597664
3.026994425e-05,0.02276050569
2.971295789e-05,0.02293037424
2.971887397e-05,0.02248528104
3.020102245e-05,0.02173204768
3.100246422e-05,0.0206906313
3.195626412e-05,0.01974425703
3.293568719e-05,0.01884384931
3.385403787e-05,0.01812869225
3.465059065e-05,0.01747518143
3.527467776e-05,0.01683716309
3.569562321e-05,0.01639803718
3.589167234e-05,0.01607471098
3.585397713e-05,0.01573145235
3.557240941e-05,0.01534701778
3.503843004e-05,0.01520897056
3.425014454e-05,0.01539511458
3.324696758e-05,0.01608390742
3.20964567e-05,0.01720866277
3.089094e-05,0.01832396685
2.972855661e-05,0.01917639511
2.869166723e-05,0.01964944132
2.783307799e-05,0.01999376425
2.718247228e-05,0.02031218117
2.675673524e-05,0.02040031784
2.656165587e-05,0.02023372952
2.658319653e-05,0.01997348011
2.679389743e-05,0.01973331364
2.716829296e-05,0.0197148037
2.768978245e-05,0.01983323407
2.836379199e-05,0.01987401247
2.919461693e-05,0.01981313866
3.017249775e-05,0.01969661298
3.126995095e-05,0.01938787706
3.243104839e-05,0.0188898898
3.359169768e-05,0.0182299686
3.469339487e-05,0.01759949427
3.567823634e-05,0.01711968287
3.651292329e-05,0.01693553627
3.718670626e-05,0.01701276527
3.768776018e-05,0.01720778125
3.801715528e-05,0.01743490925
3.818098485e-05,0.01769711729
3.819280819e-05,0.01798269169
3.807741311e-05,0.01841815995
3.786557522e-05,0.01898080128
3.759527956e-05,0.01986985358
3.730972888e-05,0.02067520413
3.704741552e-05,0.02104447585
3.683108659e-05,0.02085225081
3.665242518e-05,0.02013978053
3.647968799e-05,0.0191468386
3.627779378e-05,0.01827687343
3.602888855e-05,0.01823732198
3.574964922e-05,0.01875075155
3.548918405e-05,0.01974432143
3.53170736e-05,0.02081576989
3.530745362e-05,0.021673809
3.551582769e-05,0.02224188245
3.596131262e-05,0.02235700603
3.66198754e-05,0.02196995713
3.742823615e-05,0.02115607412
3.830936749e-05,0.02012137831
3.919423927e-05,0.01914437926
4.003765045e-05,0.01847847336
4.08175876e-05,0.01811468166
4.152909954e-05,0.01778413556
4.217503563e-05,0.01749367875
4.275461193e-05,0.01712677339
4.326201869e-05,0.0165006125
4.368583581e-05,0.01581262241
4.401401886e-05,0.0152980914
4.424123756e-05,0.01511992369
4.437741661e-05,0.01540287373
4.444267605e-05,0.01610363539
4.44719825e-05,0.0170573176
4.451130768e-05,0.01804788893
4.46066969e-05,0.01881884822
4.478974033e-05,0.01917395384
4.50750967e-05,0.01926977815
4.545860339e-05,0.01907119364
4.592596494e-05,0.01895259994
4.645828492e-05,0.01888980134
4.704172972e-05,0.01910037717
4.767203327e-05,0.01966459706
4.834963237e-05,0.02009374712
4.907841804e-05,0.0204104342
4.98669047e-05,0.02059084812
5.071965556e-05,0.02049328952
5.162598789e-05,0.02012511583
5.255996727e-05,0.0196468223
5.348866763e-05,0.01905339822
5.438255868e-05,0.01862599127
5.52245343e-05,0.01865673404
5.601146684e-05,0.01918220052
5.674987358e-05,0.01968205119
5.744338232e-05,0.01969542254
5.808891303e-05,0.01905502147
5.867419023e-05,0.01785345343
5.917742444e-05,0.01628210599
5.957720473e-05,0.01464820414
5.985051348e-05,0.01326408929
5.997957003e-05,0.01240465015
5.995939142e-05,0.01249110619
5.979519173e-05,0.01349289264
5.950664727e-05,0.0146974201
5.91154541e-05,0.01567856312
5.864044156e-05,0.01613649818
5.809421308e-05,0.01628623984
5.748209669e-05,0.01633484961
5.680786852e-05,0.01673104837
5.608113621e-05,0.01750240326
5.531962361e-05,0.01844181574
5.454771993e-05,0.01942641296
5.37956086e-05,0.02027647218
5.309763714e-05,0.02080318738
5.248088684e-05,0.02093805972
5.196109173e-05,0.02074550436
5.153660066e-05,0.02016354204
5.118972909e-05,0.01931406093
5.089207582e-05,0.01832170272
5.061334053e-05,0.01735700014
5.032723972e-05,0.01666497195
5.002240941e-05,0.01636439268
4.969688926e-05,0.01651447352
4.935320197e-05,0.01669221495
4.899505743e-05,0.0167302645
4.86219056e-05,0.01647807941
4.822652771e-05,0.01605991935
4.779733351e-05,0.01581113033
4.732206122e-05,0.01582598096
4.679112285e-05,0.01606078534
4.620443562e-05,0.01657258071
4.557298583e-05,0.01720838513
4.491836967e-05,0.01778587181
4.426562166e-05,0.01818244637
4.363640291e-05,0.01830236781
4.304277888e-05,0.01807188855
4.24829903e-05,0.01781028301
4.19478148e-05,0.01765100265
4.142404223e-05,0.01757825713
4.090273527e-05,0.01779724138
4.038606618e-05,0.0183124953
3.988630219e-05,0.01903126821
3.942260399e-05,0.01959727489
3.901862853e-05,0.01998435312
3.869303089e-05,0.01998453841
3.845364526e-05,0.01965251864
3.829427736e-05,0.01910011505
3.819534617e-05,0.0184940302
3.813222797e-05,0.01796979922
3.808097497e-05,0.01771824961
3.802213032e-05,0.01765669369
3.794100473e-05,0.01767720353
3.782855775e-05,0.01765340779
3.767428774e-05,0.01749974415
3.746946376e-05,0.01720550079
3.720575276e-05,0.01677119538
3.687431026e-05,0.01615000355
3.646954109e-05,0.01555187237
3.59872699e-05,0.015284632
3.542478184e-05,0.01511938718
3.478250205e-05,0.01489996312
3.405904146e-05,0.01462194563
3.325009901e-05,0.0142841659
3.235200821e-05,0.01421144944
3.136194148e-05,0.01453754408
3.028457068e-05,0.01521919036
2.913806111e-05,0.01627186379
2.795427379e-05,0.0174251373
2.677690379e-05,0.01860655765
2.565726651e-05,0.01972767101
2.464668503e-05,0.02049991478
2.37899577e-05,0.02084787173
2.311765968e-05,0.02091257465
2.264167565e-05,0.02068978013
2.235154743e-05,0.02017867605
2.221663883e-05,0.01938534672
2.219495303e-05,0.01833759895
2.224484288e-05,0.01732581375
2.233025601e-05,0.01645570778
2.24263028e-05,0.01574746624
2.252020418e-05,0.01534135962
2.260461048e-05,0.01502831868
2.267634615e-05,0.01474258747
2.273412654e-05,0.0143936172
2.277432372e-05,0.01401148277
2.279296173e-05,0.01388881987
2.278746802e-05,0.01415886037
2.275713632e-05,0.01457503266
2.270322396e-05,0.01503977941
2.262822229e-05,0.01529139289
2.253227492e-05,0.01533405625
2.241031027e-05,0.01515874398
2.554352105e-05,0.0004710681679
2.278514921e-05,0.0004901702957
2.258720133e-05,0.0004994272076
2.275991855e-05,0.0004944891056
2.289941871e-05,0.0005024122113
2.287610416e-05,0.0005070207667
2.268010733e-05,0.0005296762733
2.239419427e-05,0.0005393892594
2.209386227e-05,0.0005499819651
2.180159599e-05,0.0005639642701
2.153329628e-05,0.0005787841621
2.135216078e-05,0.000609460011
2.129315521e-05,0.0006228070207
2.136244882e-05,0.0006326953935
2.153990451e-05,0.0006379485651
2.178030512e-05,0.0006377723366
2.203570765e-05,0.0006349302372
2.227627325e-05,0.0006401255016
2.249512135e-05,0.0006496193999
2.269535294e-05,0.0006541114635
2.287515749e-05,0.000658974137
2.302870973e-05,0.0006703257415
2.315282941e-05,0.0006721384143
2.32419185e-05,0.0006592234314
2.328668096e-05,0.0006438905857
2.327644052e-05,0.0006200997865
2.319789007e-05,0.0005828851455
2.30410091e-05,0.0005466947127
2.280363696e-05,0.0005216246048
2.249107397e-05,0.0004993097129
2.211192199e-05,0.0004887742601
2.167800475e-05,0.0005001439043
2.120367174e-05,0.0005166647885
2.070253018e-05,0.0005319769283
2.018641374e-05,0.0005360835657
1.966243282e-05,0.000531258964
1.913247477e-05,0.000536372547
1.859867724e-05,0.0005510119451
1.806514072e-05,0.0005689521293
1.753717597e-05,0.0005897469102
1.702199689e-05,0.0006133349563
1.652830682e-05,0.0006336433523
1.606463551e-05,0.0006538263283
1.56376999e-05,0.0006686677012
1.525138552e-05,0.0006673375717
1.490504006e-05,0.0006536519347
1.459425695e-05,0.0006341902888
1.431332262e-05,0.0006197340282
1.405715247e-05,0.0006124108601
1.382338255e-05,0.0006096830715
1.36106264e-05,0.0006023900662
1.341801833e-05,0.0005875694093
1.324359378e-05,0.0005652069302
1.308482854e-05,0.0005362885207
1.293726143e-05,0.0005021109232
1.279625819e-05,0.0004686699296
1.265718622e-05,0.0004395691597
1.251708268e-05,0.0004302734819
1.237544808e-05,0.0004380836447
1.2234493e-05,0.0004581239854
1.209768941e-05,0.0004792695636
1.196827035e-05,0.0004937205442
1.184805957e-05,0.0005003331374
1.173677168e-05,0.0005026931825
1.16335927e-05,0.0005065511197
1.153784362e-05,0.0005154491551
1.144953e-05,0.0005310354875
1.13691816e-05,0.0005505981064
1.129793185e-05,0.0005720225476
1.12378067e-05,0.0005952713163
1.1192347e-05,0.0006166780693
1.116479842e-05,0.0006359527019
1.115694319e-05,0.0006477327506
1.116876229e-05,0.0006525637694
1.119895581e-05,0.0006507094647
1.124548828e-05,0.0006472539277
1.130623284e-05,0.0006469419658
1.137916875e-05,0.0006495276194
1.146194576e-05,0.0006502156014
1.155206844e-05,0.0006463684693
1.164680528e-05,0.0006373333868
1.174308944e-05,0.0006227605735
1.183728764e-05,0.0006060139631
1.192565756e-05,0.0005873121201
1.200411052e-05,0.0005676831619
1.206893548e-05,0.0005476764442
1.211676185e-05,0.0005331823768
1.214567559e-05,0.0005287440917
1.215502768e-05,0.0005260600876
1.214523664e-05,0.0005223836595
1.211710163e-05,0.0005208937569
1.207180974e-05,0.0005203019407
1.201078366e-05,0.0005242373528
1.193579894e-05,0.0005321961545
1.184873909e-05,0.0005472366588
1.175206407e-05,0.0005693880962
1.164845708e-05,0.0005976672605
1.154127994e-05,0.0006262526117
1.143379488e-05,0.0006503165096
1.132919405e-05,0.000669920263
1.123009743e-05,0.0006841215304
1.113853705e-05,0.0006942075089
1.105601755e-05,0.0007000706768
1.098349376e-05,0.0007030174026
1.092191496e-05,0.0007048717013
1.087202486e-05,0.0007055492337
1.083491043e-05,0.0007045858121
1.081168012e-05,0.0007017390368
1.080293539e-05,0.0006957719594
1.080864684e-05,0.0006871467008
1.082813359e-05,0.000673503921
1.086002576e-05,0.0006549505652
1.090278445e-05,0.0006382672664
1.095489059e-05,0.0006225233987
1.101477802e-05,0.0006097829435
1.108123334e-05,0.0006002364704
1.115309715e-05,0.000594091592
1.122951665e-05,0.0005907339325
1.130980265e-05,0.0005894203351
1.139319651e-05,0.0005868696047
1.147893924e-05,0.0005820589305
1.156612466e-05,0.000578698174
1.165401966e-05,0.0005790753845
1.17423772e-05,0.000585221488
1.183126945e-05,0.0005972322252
1.19210902e-05,0.0006097222122
1.201237373e-05,0.0006223870018
1.210556455e-05,0.0006357345479
1.22010292e-05,0.000647674342
1.229892096e-05,0.000655414665
1.239930338e-05,0.0006587002797
1.250177259e-05,0.0006637450087
1.260594765e-05,0.0006684339172
1.271137328e-05,0.0006757297198
1.281779844e-05,0.0006842600801
1.292513101e-05,0.0006888010038
1.30331578e-05,0.0006878150587
1.314152565e-05,0.0006795945989
1.324957995e-05,0.0006690582212
1.335627777e-05,0.0006543317642
1.34603837e-05,0.0006360286294
1.35605675e-05,0.0006169649625
1.36555901e-05,0.0005977912496
1.374469303e-05,0.000583931004
1.382745409e-05,0.0005765284107
1.390381712e-05,0.0005731172471
1.397417405e-05,0.0005721273534
1.403893932e-05,0.000572920267
1.409849013e-05,0.0005719715479
1.415303686e-05,0.0005697832444
1.420286471e-05,0.0005673948889
1.424806618e-05,0.0005699124718
1.428895968e-05,0.0005835723538
1.432608689e-05,0.0006032499681
1.436004002e-05,0.0006220151672
1.439166717e-05,0.0006365109246
1.442179972e-05,0.0006448199957
1.445110586e-05,0.0006478756074
1.448003664e-05,0.0006476309781
1.450891743e-05,0.0006488330815
1.453794691e-05,0.0006525916311
1.456724254e-05,0.000655274151
1.459693002e-05,0.0006572905713
1.462722111e-05,0.0006565793541
1.465826416e-05,0.0006541167739
1.469029499e-05,0.000647667455
1.47234091e-05,0.0006380126063
1.475749316e-05,0.0006243105621
1.479235201e-05,0.0006063692301
1.48277345e-05,0.0005870622143
1.486331993e-05,0.000571129514
1.489879076e-05,0.0005562937174
1.493391596e-05,0.0005421946339
1.496854652e-05,0.0005302767025
1.500257364e-05,0.0005198397579
1.503581669e-05,0.0005086037691
1.50681702e-05,0.000494104444
1.509945324e-05,0.0004767250293
1.512941811e-05,0.0004599455724
1.515776421e-05,0.0004441885864
1.518426947e-05,0.0004335631966
1.520892996e-05,0.0004357339831
1.523166416e-05,0.0004510130048
1.525278073e-05,0.0004755824409
1.527257647e-05,0.00050432707
1.529156204e-05,0.0005326594614
1.531013508e-05,0.0005572564808
1.532864783e-05,0.0005773225944
1.534748841e-05,0.0005923497547
1.536674012e-05,0.0006025882173
1.538646675e-05,0.0006109710694
1.5406676e-05,0.0006203028561
1.54273516e-05,0.0006285742142
1.544839245e-05,0.0006338033298
1.546969874e-05,0.0006340834615
1.549097412e-05,0.000628950518
1.55118772e-05,0.0006181945249
1.553205919e-05,0.0006025792375
1.555085026e-05,0.0005829290586
1.556773396e-05,0.0005596911184
1.558226271e-05,0.0005359175555
1.559390092e-05,0.0005161814713
1.560237504e-05,0.0005011629527
1.56074737e-05,0.0004897923053
1.560903799e-05,0.0004798571908
1.560701605e-05,0.0004682937158
1.560136561e-05,0.0004559746586
1.559203728e-05,0.0004456987098
1.55790234e-05,0.0004434718219
1.556234032e-05,0.000447521112
1.554212708e-05,0.0004614026534
1.551860408e-05,0.0004801439101
1.549202208e-05,0.0005002720917
1.546266479e-05,0.0005189753039
1.543084158e-05,0.000533900509
1.539678893e-05,0.0005433687251
1.536067719e-05,0.0005466849516
1.532275645e-05,0.0005464416238
1.528317733e-05,0.0005448463781
1.52421945e-05,0.0005458170642
1.519995203e-05,0.0005511632082
1.51568255e-05,0.00055817549
1.511302498e-05,0.0005644181361
1.506867266e-05,0.0005682191326
1.502409946e-05,0.0005675000743
1.497928721e-05,0.0005611846327
1.493432604e-05,0.0005491872653
1.488914124e-05,0.0005333482646
1.484361108e-05,0.0005152676422
1.479768775e-05,0.0004982126078
1.475121573e-05,0.0004836438292
1.470414906e-05,0.0004703321608
1.465628708e-05,0.0004585507967
1.460756546e-05,0.0004471634481
1.455779918e-05,0.000434704419
1.450688555e-05,0.0004198017265
1.445470521e-05,0.0004055698871
1.440108319e-05,0.0003946763703
1.434606719e-05,0.0003908236623
1.428948217e-05,0.0003987505179
1.423145714e-05,0.000412875589
1.417210056e-05,0.0004304186028
1.411160948e-05,0.0004472566739
1.405009607e-05,0.0004636948571
1.398777335e-05,0.0004795053456
1.392475682e-05,0.0004956215233
1.386121908e-05,0.0005128967415
1.379729477e-05,0.0005296916272
1.373312374e-05,0.0005464366146
1.366890636e-05,0.0005640673683
1.360468081e-05,0.000579782485
1.354057566e-05,0.0005890407016
1.347658503e-05,0.0005900811347
1.34126528e-05,0.0005816253315
1.334847099e-05,0.0005655159087
1.328387489e-05,0.0005448110678
1.32184837e-05,0.0005230237542
1.315198713e-05,0.0005019751391
1.308408709e-05,0.0004825352737
1.301460391e-05,0.0004660148685
1.294324818e-05,0.0004501217105
1.286996507e-05,0.0004344592506
1.279450793e-05,0.0004170301043
1.271677794e-05,0.0003971281771
1.26367133e-05,0.0003767473447
1.255401922e-05,0.0003618267438
1.246869478e-05,0.0003547238165
1.238071219e-05,0.0003600900562
1.229003582e-05,0.0003739319267
1.21967832e-05,0.0003936368951
1.210103278e-05,0.000412880614
1.200293311e-05,0.0004325041259
1.190258035e-05,0.000453390974
1.18002047e-05,0.0004760325305
1.16960024e-05,0.0004978137871
1.159013736e-05,0.0005184437611
1.148291227e-05,0.0005369423546
1.13745739e-05,0.0005539692658
1.126546074e-05,0.0005689357282
1.115595055e-05,0.0005813844621
1.104638247e-05,0.0005909564759
1.093698542e-05,0.0005959509403
1.082811569e-05,0.0005957364082
1.071983365e-05,0.0005920342264
1.061229049e-05,0.0005864685678
1.050549086e-05,0.0005800828894
1.039951801e-05,0.0005742671733
1.029434516e-05,0.0005696469065
1.018992479e-05,0.0005651708343
1.008631206e-05,0.0005587232477
9.983299785e-06,0.0005482679389
9.880829397e-06,0.0005352513501
9.77868624e-06,0.0005193636262
9.676617819e-06,0.0005029961055
9.574427683e-06,0.0004891331662
9.471896636e-06,0.0004839849639
9.368912282e-06,0.0004900349115
9.265531288e-06,0.0005052171569
9.161895712e-06,0.0005238719032
9.058093964e-06,0.0005439046332
8.954407211e-06,0.0005616962731
8.851087316e-06,0.000576496817
8.748318045e-06,0.0005893181651
8.64629306e-06,0.0006004251948
8.545109086e-06,0.000612163453
8.444872743e-06,0.0006226204059
8.345744914e-06,0.0006319452273
8.247775625e-06,0.0006407793021
8.151083014e-06,0.0006488918423
8.055508185e-06,0.0006529899345
7.961125922e-06,0.0006530201831
7.867647753e-06,0.0006505210898
7.774944235e-06,0.0006461753452
7.682603816e-06,0.0006413886258
7.590487188e-06,0.0006370604077
7.498227039e-06,0.0006335527255
7.405795005e-06,0.000630010534
7.312843237e-06,0.0006245321684
7.219302402e-06,0.0006177438973
7.124997193e-06,0.0006079343741
7.029861987e-06,0.000595731633
6.9336376e-06,0.0005841379761
6.836208359e-06,0.0005741451257
6.737347112e-06,0.0005653833663
6.636948671e-06,0.0005616957062
6.534864094e-06,0.0005635401975
6.43125681e-06,0.0005677266139
6.326008508e-06,0.0005731803353
6.219284388e-06,0.0005792051707
6.111167155e-06,0.0005824920831
6.001842534e-06,0.0005832663014
5.891440352e-06,0.0005835200132
5.780091246e-06,0.0005851826715
5.668087148e-06,0.0005903788012
5.555616606e-06,0.0006024346192
5.443003691e-06,0.0006166972585
5.330757441e-06,0.0006310994914
5.219275263e-06,0.0006443307002
5.108997377e-06,0.0006543131556
5.000441615e-06,0.0006598537265
4.893943622e-06,0.0006609454735
4.789705617e-06,0.0006576756372
4.687947868e-06,0.0006507203191
4.588653405e-06,0.0006401604627
4.491809069e-06,0.0006267713043
4.397366195e-06,0.0006111499467
4.305159531e-06,0.0005933205182
4.214998548e-06,0.0005736868987
4.126647687e-06,0.0005515132628
4.03978029e-06,0.000528226062
3.954113463e-06,0.0005067444667
3.869281503e-06,0.0004891846028
3.784905456e-06,0.0004773368695
3.70068322e-06,0.0004738875037
3.61654647e-06,0.0004772970397
3.532409768e-06,0.0004864645923
3.448568976e-06,0.0004994832712
3.36523328e-06,0.0005153256524
3.282693167e-06,0.0005314095886
3.201501031e-06,0.0005484931097
3.122120052e-06,0.0005653298727
3.045022218e-06,0.0005824867625
2.970882645e-06,0.0006007455621
2.900276958e-06,0.000617294278
2.833839078e-06,0.000631463543
2.77208253e-06,0.0006416888334
2.715557367e-06,0.0006486849199
2.664422193e-06,0.0006528074937
2.618813116e-06,0.000653429823
2.578596936e-06,0.0006506526813
2.543571788e-06,0.0006452067507
2.513057991e-06,0.0006392754141
2.486817218e-06,0.0006331466051
2.464297446e-06,0.0006294780225
2.444898259e-06,0.0006276826927
2.428019901e-06,0.0006245349487
2.413181029e-06,0.0006192840893
2.399824875e-06,0.0006111068542
2.387354166e-06,0.0006011303146
2.37512727e-06,0.0005881667479
2.362514884e-06,0.0005747739065
2.349113524e-06,0.0005608538468
2.334310508e-06,0.0005470052422
2.317533839e-06,0.0005368724907
2.298552322e-06,0.0005299645161
2.276931982e-06,0.0005255295203
2.252385673e-06,0.0005235994719
2.224853722e-06,0.00052479199
2.194165422e-06,0.0005328424701
2.160344889e-06,0.000543661988
2.123573215e-06,0.0005559652267
2.084330369e-06,0.0005702759888
2.04294658e-06,0.0005843227791
2.000158334e-06,0.0005978135823
1.956654541e-06,0.0006091451977
1.913324155e-06,0.0006167441643
1.870843573e-06,0.0006196110766
1.830005161e-06,0.0006185554846
1.791387431e-06,0.0006152524557
1.755796715e-06,0.0006108303222
1.723468733e-06,0.0006065011218
1.695140959e-06,0.0006022569178
1.670920454e-06,0.0005963573859
1.651253362e-06,0.000587667095
1.636173622e-06,0.0005753063941
1.625538438e-06,0.0005586087729
1.619039781e-06,0.0005379275294
1.615949138e-06,0.0005146298662
1.615780075e-06,0.0004905563551
1.617749791e-06,0.0004688142316
1.621304205e-06,0.0004522800503
1.626073559e-06,0.000441030823
1.631779706e-06,0.0004344989505
1.638429245e-06,0.0004316052602
1.645936988e-06,0.0004324113614
1.654467197e-06,0.0004379384795
1.664179239e-06,0.0004436850434
1.675070808e-06,0.000449903412
1.68727352e-06,0.0004587307201
1.700969476e-06,0.0004696760361
1.716159598e-06,0.0004826109267
1.732981592e-06,0.0004972622687
1.7515662e-06,0.000511096371
1.771836529e-06,0.0005225236002
1.793869884e-06,0.0005307712822
1.81740537e-06,0.0005348761636
1.842105733e-06,0.0005361817131
1.86766527e-06,0.0005344526596
1.893744626e-06,0.0005316629529
1.92007684e-06,0.0005275841661
1.946355455e-06,0.0005226516766
1.97222148e-06,0.000516228652
1.997409768e-06,0.0005078953105
2.021600504e-06,0.0004963338038
2.04446042e-06,0.000480890893
2.065476625e-06,0.0004615737798
2.084169485e-06,0.0004389038242
2.100069216e-06,0.0004143306362
2.112744008e-06,0.0003903465722
2.121736805e-06,0.0003709915829
2.126924105e-06,0.0003582436738
2.128028253e-06,0.0003499003608
2.124990767e-06,0.0003467949099
2.11769311e-06,0.0003472631458
2.106378964e-06,0.0003504012267
2.091000903e-06,0.0003580258208
2.071524694e-06,0.0003698271872
2.048395825e-06,0.0003881597315
2.021710914e-06,0.0004118458767
1.991947795e-06,0.0004402540609
1.959473769e-06,0.0004705100928
1.925061099e-06,0.0004983007941
1.889287394e-06,0.0005222903488
1.852825925e-06,0.0005412441346
1.816369813e-06,0.0005550333752
1.780270626e-06,0.0005642195938
1.745086223e-06,0.0005694817361
1.711111005e-06,0.000572133672
1.678615825e-06,0.0005724832791
1.647834318e-06,0.0005697617519
1.618765752e-06,0.0005643990434
1.591545604e-06,0.0005568588066
1.566063481e-06,0.0005452921846
1.542174777e-06,0.0005291618628
1.51953884e-06,0.0005107224381
1.497844608e-06,0.0004908003416
1.476840771e-06,0.0004708621874
1.455937714e-06,0.0004525189358
1.43511751e-06,0.0004378804464
1.414148534e-06,0.0004291141905
1.392874158e-06,0.0004267997987
1.371518901e-06,0.0004284308664
1.350047499e-06,0.0004312746085
1.328654999e-06,0.0004356445371
1.307586632e-06,0.0004416678051
1.286959409e-06,0.0004506301215
1.267183655e-06,0.0004627764963
1.248373819e-06,0.0004785532647
1.23106165e-06,0.0004956550604
1.215579741e-06,0.0005124385731
1.202574816e-06,0.0005276290721
1.192454847e-06,0.0005405855547
1.185460836e-06,0.0005522870032
1.182071255e-06,0.0005616113021
1.182405782e-06,0.0005682945
1.18657557e-06,0.00057349758
1.194504914e-06,0.0005785045846
1.20601689e-06,0.0005824217423
1.221100094e-06,0.0005856438503
1.239280711e-06,0.0005871584347
1.260330819e-06,0.0005866393623
1.283769284e-06,0.0005823699215
1.308993987e-06,0.000574521744
1.335429329e-06,0.0005623937376
1.362357955e-06,0.0005478989603
1.388939856e-06,0.0005312449194
1.414554482e-06,0.0005137790829
1.438607587e-06,0.0004968709322
1.460330961e-06,0.0004835621963
1.479574359e-06,0.0004730334397
1.495884367e-06,0.0004677666256
1.509110663e-06,0.0004679176881
1.519301051e-06,0.00047137623
1.526354606e-06,0.0004770500641
1.530639074e-06,0.0004845155356
1.532414282e-06,0.0004957218748
1.53229457e-06,0.0005111871035
1.530828085e-06,0.0005274983602
1.528791511e-06,0.0005435024521
1.526843242e-06,0.0005588435822
1.525862625e-06,0.0005725750519
1.526407915e-06,0.000583473022
1.529193363e-06,0.0005920055462
1.534620351e-06,0.0005991740123
1.543032867e-06,0.0006041492115
1.554863349e-06,0.0006083040342
1.570085503e-06,0.0006118331475
1.588877659e-06,0.0006136343984
1.611187753e-06,0.0006126895829
1.636902838e-06,0.0006084231656
1.665593255e-06,0.0006005903211
1.697101068e-06,0.0005896559034
1.730847332e-06,0.0005761372298
1.766565313e-06,0.0005617413514
1.803820116e-06,0.0005472513956
1.84231331e-06,0.0005331662425
1.881712944e-06,0.0005216064001
1.921932749e-06,0.0005131365352
1.962764392e-06,0.0005081231607
2.004193625e-06,0.000504718555
2.046193624e-06,0.0005038989759
2.088739275e-06,0.0005062302615
2.131869092e-06,0.0005128989189
2.175523749e-06,0.0005232646973
2.219748716e-06,0.0005353209385
2.264596697e-06,0.0005483814859
2.31012096e-06,0.0005609590308
2.356278333e-06,0.0005726508197
2.403202494e-06,0.0005843810202
2.450774012e-06,0.0005964107707
2.499137448e-06,0.0006062602277
2.548204842e-06,0.0006147930973
2.597931116e-06,0.0006222762805
2.648472828e-06,0.0006282402233
2.699516153e-06,0.0006328530773
2.7513184e-06,0.0006366141315
2.759645122e-06,5.351668368e-05
2.841389085e-06,5.46117173e-05
2.875770096e-06,5.564835853e-05
2.918728028e-06,5.665342579e-05
2.952129363e-06,5.761283152e-05
2.992051699e-06,5.852897889e-05
3.02537159e-06,5.937617828e-05
3.061049905e-06,6.017876025e-05
3.097567213e-06,6.096492427e-05
3.132568165e-06,6.173919567e-05
3.165484994e-06,6.248069349e-05
3.197039018e-06,6.321577903e-05
3.230866587e-06,6.395082797e-05
3.261735725e-06,6.466526791e-05
3.290394436e-06,6.536083426e-05
3.319154197e-06,6.602260163e-05
3.348666257e-06,6.66440496e-05
3.375067731e-06,6.724019526e-05
3.400237472e-06,6.782516272e-05
3.427195896e-06,6.838250505e-05
3.45180794e-06,6.890118937e-05
3.477721353e-06,6.938514106e-05
3.501794676e-06,6.987854513e-05
3.525655857e-06,7.037871687e-05
3.549169607e-06,7.088672947e-05
3.572453544e-06,7.139964386e-05
3.59586984e-06,7.190928728e-05
3.618045936e-06,7.241694028e-05
3.640410589e-06,7.29165406e-05
3.662837089e-06,7.34012651e-05
3.685538793e-06,7.389667883e-05
3.707552791e-06,7.440397241e-05
3.73007912e-06,7.487695714e-05
3.752151884e-06,7.531235595e-05
3.774576901e-06,7.571306634e-05
3.796929492e-06,7.608640115e-05
3.818434823e-06,7.643166975e-05
3.840524046e-06,7.673960456e-05
3.861990975e-06,7.700630967e-05
3.883998752e-06,7.723685026e-05
3.905136802e-06,7.744200781e-05
3.926365783e-06,7.76342438e-05
3.947819192e-06,7.780102752e-05
3.968623419e-06,7.793968262e-05
3.98996079e-06,7.807048822e-05
4.01008562e-06,7.819480091e-05
4.029891264e-06,7.833249724e-05
4.049618782e-06,7.847902569e-05
4.069422462e-06,7.861556741e-05
4.089132386e-06,7.873466938e-05
4.108432298e-06,7.883505924e-05
4.126840593e-06,7.891347854e-05
4.145478096e-06,7.898999759e-05
4.163855797e-06,7.905466657e-05
4.181856614e-06,7.910960088e-05
4.199712187e-06,7.916201089e-05
4.216672382e-06,7.920750068e-05
4.233852979e-06,7.923552893e-05
4.250466036e-06,7.926861587e-05
4.26696e-06,7.928466556e-05
4.28265743e-06,7.928678567e-05
4.29884919e-06,7.927593624e-05
4.314553641e-06,7.925489551e-05
4.329573143e-06,7.923895331e-05
4.343849021e-06,7.923399127e-05
4.358643779e-06,7.925431827e-05
4.372654018e-06,7.929266967e-05
4.386102406e-06,7.933613077e-05
4.400169247e-06,7.937720132e-05
4.413355789e-06,7.941825949e-05
4.42592825e-06,7.945048335e-05
4.438105887e-06,7.946526635e-05
4.450134982e-06,7.946497639e-05
4.461234072e-06,7.945558868e-05
4.472735857e-06,7.943297233e-05
4.483540416e-06,7.939473803e-05
4.49398218e-06,7.935155185e-05
4.503316761e-06,7.931237598e-05
4.513174062e-06,7.924859167e-05
4.522312454e-06,7.91514746e-05
4.531457686e-06,7.902529224e-05
4.53959874e-06,7.895388744e-05
4.54753366e-06,7.892536399e-05
4.554629147e-06,7.890443057e-05
4.561660252e-06,7.888692663e-05
4.568209512e-06,7.886933803e-05
4.574545673e-06,7.883316326e-05
4.580142003e-06,7.877195567e-05
4.585497339e-06,7.868766843e-05
4.590851415e-06,7.858336841e-05
4.595983273e-06,7.846384439e-05
4.600075319e-06,7.833009206e-05
4.603836045e-06,7.816173687e-05
4.607626252e-06,7.796381868e-05
4.610643763e-06,7.772697302e-05
4.613575225e-06,7.744516326e-05
4.616352409e-06,7.712416295e-05
4.618382758e-06,7.676498954e-05
4.620363516e-06,7.635825937e-05
4.621751131e-06,7.590823283e-05
4.623131857e-06,7.542701646e-05
4.623298063e-06,7.491833824e-05
4.624323297e-06,7.438182791e-05
4.624095598e-06,7.381969906e-05
4.623962122e-06,7.323227801e-05
4.623325478e-06,7.262224308e-05
4.622450635e-06,7.199144591e-05
4.621136688e-06,7.135434959e-05
4.618905016e-06,7.070958165e-05
4.616783492e-06,7.005592659e-05
4.614137997e-06,6.93970275e-05
4.611259861e-06,6.874778837e-05
4.607950718e-06,6.811979484e-05
4.604246987e-06,6.748034137e-05
4.600282128e-06,6.682822299e-05
4.595512049e-06,6.616619809e-05
4.590811059e-06,6.549178077e-05
4.58566496e-06,6.48138035e-05
4.580498508e-06,6.416083318e-05
4.574410153e-06,6.353831824e-05
4.568426089e-06,6.291605363e-05
4.561619868e-06,6.228956581e-05
4.554570936e-06,6.165137165e-05
4.547787975e-06,6.100126959e-05
4.539502711e-06,6.033575274e-05
4.531647024e-06,5.965113969e-05
4.523236804e-06,5.894982826e-05
4.514706711e-06,5.822266128e-05
4.505462148e-06,5.747696999e-05
4.496502701e-06,5.670431391e-05
4.486500113e-06,5.590817552e-05
4.476695242e-06,5.508244217e-05
4.465960196e-06,5.422425764e-05
4.455552944e-06,5.334206055e-05
4.444641039e-06,5.243672281e-05
4.433265889e-06,5.152355703e-05
4.421506147e-06,5.059343115e-05
4.409766131e-06,4.966148648e-05
4.397301458e-06,4.873411856e-05
4.384644262e-06,4.78251671e-05
4.371873065e-06,4.695144193e-05
4.358972517e-06,4.607812981e-05
4.344330668e-06,4.520737226e-05
4.330705996e-06,4.434966539e-05
4.316579233e-06,4.349224546e-05
4.302292614e-06,4.263169153e-05
4.287024003e-06,4.176887228e-05
4.272330159e-06,4.090038927e-05
4.257038838e-06,4.003007002e-05
4.241344131e-06,3.918792984e-05
4.22515029e-06,3.833163857e-05
4.209064206e-06,3.74511982e-05
4.192656003e-06,3.653336414e-05
4.175735118e-06,3.557909431e-05
4.158387372e-06,3.45815071e-05
4.141942802e-06,3.354638426e-05
4.123780027e-06,3.247432344e-05
4.106043381e-06,3.137273651e-05
4.0876623e-06,3.025434174e-05
4.06932814e-06,2.910858117e-05
4.051237652e-06,2.791807554e-05
4.031786108e-06,2.669085357e-05
4.013002885e-06,2.543020116e-05
3.993159846e-06,2.41442846e-05
3.97476252e-06,2.28364646e-05
3.953678956e-06,2.156803388e-05
3.93399461e-06,2.037197091e-05
3.913876693e-06,1.930078782e-05
3.89349838e-06,1.8402942e-05
3.872822958e-06,1.78278765e-05
3.851756015e-06,1.758617533e-05
3.830492082e-06,1.768997663e-05
3.809187381e-06,1.80428635e-05
3.787731305e-06,1.864203492e-05
3.765925872e-06,1.943219906e-05
3.743880174e-06,2.033992469e-05
3.720985643e-06,2.132522535e-05
3.69847603e-06,2.235873952e-05
3.676101073e-06,2.340736449e-05
3.653428608e-06,2.442252463e-05
3.630911329e-06,2.539123683e-05
3.607575705e-06,2.629717254e-05
3.58427314e-06,2.715532824e-05
3.560781302e-06,2.79596424e-05
3.537150543e-06,2.868139258e-05
3.513638493e-06,2.93451196e-05
3.489271102e-06,2.998343234e-05
3.465316146e-06,3.059764555e-05
3.44069953e-06,3.120046896e-05
3.416528623e-06,3.180452445e-05
3.392278358e-06,3.242225407e-05
3.367904308e-06,3.305663054e-05
3.3418124e-06,3.373712118e-05
3.317798949e-06,3.441684005e-05
3.292033363e-06,3.511525165e-05
3.267017162e-06,3.584974333e-05
3.241751327e-06,3.660175789e-05
3.216188746e-06,3.743874095e-05
3.190500406e-06,3.831627171e-05
3.164383926e-06,3.921771416e-05
3.137588653e-06,4.016052911e-05
3.112010433e-06,4.113913922e-05
3.086535039e-06,4.213867462e-05
3.060690049e-06,4.3161641e-05
3.034519384e-06,4.420957943e-05
3.006340581e-06,4.526478727e-05
2.980080004e-06,4.633178031e-05
2.954415775e-06,4.73967919e-05
2.92729274e-06,4.844719384e-05
2.900557881e-06,4.948541931e-05
2.873699682e-06,5.051370726e-05
2.84676243e-06,5.152899049e-05
2.820563087e-06,5.250574131e-05
2.791422706e-06,5.344633245e-05
2.764141015e-06,5.43515803e-05
2.738817745e-06,5.523117744e-05
2.711537941e-06,5.607627813e-05
2.684644212e-06,5.68843652e-05
2.656537121e-06,5.765052553e-05
2.629376724e-06,5.838195234e-05
2.602946781e-06,5.908232202e-05
2.575042799e-06,5.977202568e-05
2.546579703e-06,6.045923725e-05
2.521643619e-06,6.114910161e-05
2.493721221e-06,6.183502463e-05
2.465920398e-06,6.250501711e-05
2.437693575e-06,6.31654551e-05
2.410767604e-06,6.38495283e-05
2.383916346e-06,6.453339971e-05
2.355503986e-06,6.521641841e-05
2.328513528e-06,6.589360654e-05
2.302107387e-06,6.655590271e-05
2.274008883e-06,6.721656146e-05
2.246029689e-06,6.789575492e-05
2.219013834e-06,6.855751472e-05
2.191970429e-06,6.920046616e-05
2.164741658e-06,6.981815677e-05
2.137958547e-06,7.040994922e-05
2.11132194e-06,7.097767532e-05
2.083169771e-06,7.152486699e-05
2.056450712e-06,7.205084106e-05
2.028946289e-06,7.2543643e-05
2.002378281e-06,7.300588569e-05
1.975422598e-06,7.34405769e-05
1.948034101e-06,7.384944652e-05
1.92162697e-06,7.423951313e-05
1.896057687e-06,7.459579823e-05
1.868895333e-06,7.492083476e-05
1.842865628e-06,7.522218628e-05
1.815829119e-06,7.549667584e-05
1.789403807e-06,7.574884135e-05
1.763408491e-06,7.598805904e-05
1.736874434e-06,7.624079558e-05
1.710758031e-06,7.648869354e-05
1.684449813e-06,7.67253236e-05
1.658774442e-06,7.695010946e-05
1.632448545e-06,7.715322345e-05
1.606802702e-06,7.73358192e-05
1.580761001e-06,7.749927783e-05
1.555825099e-06,7.764543478e-05
1.529892252e-06,7.77719167e-05
1.50487314e-06,7.787728815e-05
1.479235785e-06,7.796047982e-05
1.454487823e-06,7.804059114e-05
1.429270513e-06,7.812097889e-05
1.404630195e-06,7.820519326e-05
1.379814815e-06,7.827956412e-05
1.35516585e-06,7.834421321e-05
1.330892924e-06,7.839566492e-05
1.306187037e-06,7.844369224e-05
1.28224917e-06,7.847901583e-05
1.257979943e-06,7.849718263e-05
1.233527568e-06,7.850367623e-05
1.210504227e-06,7.850557664e-05
1.186693621e-06,7.851056419e-05
1.163530286e-06,7.851663883e-05
1.140331399e-06,7.853312393e-05
1.117329107e-06,7.855923951e-05
1.093801689e-06,7.857982294e-05
1.071690784e-06,7.860836376e-05
1.049228949e-06,7.86428991e-05
1.026606522e-06,7.874225474e-05
1.00426131e-06,7.890451483e-05
9.819583311e-07,7.90860382e-05
9.602013533e-07,7.927821177e-05
9.387592256e-07,7.946920608e-05
9.171120562e-07,7.966082203e-05
8.95985729e-07,7.984531782e-05
8.749016864e-07,8.003911298e-05
8.540039545e-07,8.022327389e-05
8.326129588e-07,8.038116108e-05
8.1251987e-07,8.051990923e-05
7.921514625e-07,8.063941917e-05
7.719112811e-07,8.073451381e-05
7.516877537e-07,8.080462656e-05
7.321198003e-07,8.084424666e-05
7.124452196e-07,8.085320869e-05
6.927641821e-07,8.083852226e-05
6.740409425e-07,8.079680029e-05
6.547922039e-07,8.071980896e-05
6.364752949e-07,8.060844714e-05
6.177631803e-07,8.046850894e-05
5.994498384e-07,8.029442216e-05
5.818385903e-07,8.008442435e-05
5.637202943e-07,7.983384519e-05
5.458361561e-07,7.953991899e-05
5.286852842e-07,7.920805514e-05
5.117357624e-07,7.883580677e-05
4.948136525e-07,7.842741127e-05
4.778535302e-07,7.798207174e-05
4.618124206e-07,7.74990759e-05
4.453576065e-07,7.698495015e-05
4.295936277e-07,7.644549453e-05
4.137866564e-07,7.588824e-05
3.983313192e-07,7.533564469e-05
3.832542149e-07,7.477920681e-05
3.68513603e-07,7.421643346e-05
3.535277631e-07,7.363749089e-05
3.39316961e-07,7.30554224e-05
3.252703655e-07,7.247325246e-05
3.110892766e-07,7.18744406e-05
2.972542509e-07,7.126296291e-05
2.837308878e-07,7.065085494e-05
2.708222694e-07,7.002679888e-05
2.576617169e-07,6.939209897e-05
2.447340184e-07,6.874677346e-05
2.325160895e-07,6.808782454e-05
2.202936445e-07,6.740901404e-05
2.08385012e-07,6.671898142e-05
1.967187211e-07,6.601312131e-05
1.855878633e-07,6.528886366e-05
1.746091887e-07,6.45406512e-05
1.642276236e-07,6.376605924e-05
1.536565592e-07,6.296398399e-05
1.437030498e-07,6.213744839e-05
1.345149031e-07,6.128880141e-05
1.254411179e-07,6.043917547e-05
1.167544272e-07,5.959096096e-05
1.088026558e-07,5.87348413e-05
1.01280464e-07,5.78723873e-05
9.423795041e-08,5.700972784e-05
