5.725620928,7.827503826
3.672453405,9.306088015
2.85028021,5.869696597
2.226251094,4.153378002
1.867122963,3.308137429
1.620111811,3.078640518
1.435462453,2.551494896
1.308748518,1.907747433
1.194057936,1.518483384
1.091955797,1.234471352
1.000639195,1.004844891
0.9200155953,0.8489360706
0.8507590464,0.7442995453
0.793487748,0.6242206127
0.7439752148,0.5402572528
0.7010077421,0.5025797179
0.663582174,0.4632668353
0.6295409275,0.4206779051
0.5976919428,0.4253016639
0.5693011957,0.3942832536
0.54355958,0.3466392597
0.5205871563,0.3301578252
0.4991896422,0.3040358476
0.4791304073,0.2715732342
0.4608815529,0.259089712
0.4434823413,0.2506435259
0.4271875368,0.2268863175
0.4123177619,0.2292405904
0.3986556607,0.2020795843
0.3856193616,0.1928750481
0.3736690121,0.189096699
0.3626489132,0.1849501007
0.3523114543,0.1728775388
0.3426109367,0.1741828733
0.3333247932,0.1761793763
0.324496268,0.1573348409
0.315821141,0.1567964972
0.3074788674,0.1469379039
0.299674007,0.132948857
0.2924814784,0.128963695
0.2855476627,0.1272973572
0.2789346024,0.1245884848
0.2726894873,0.1120857633
0.2667455838,0.1079169117
0.2610562306,0.1048625906
0.2556064171,0.1050822272
0.2504185433,0.0999751494
0.2454663398,0.09614873243
0.2406648868,0.08829470738
0.2360301364,0.08501649747
0.2316159655,0.08224970282
0.2273944189,0.08258782048
0.2232885216,0.08137872841
0.2193338323,0.07473888687
0.2155508505,0.07252645764
0.211900357,0.07149661161
0.2083597798,0.06689881907
0.2049319443,0.06439949705
0.2016150148,0.06343815796
0.1984132053,0.06164243334
0.1952859962,0.0574090771
0.1922431999,0.05407021384
0.1893084116,0.05304203292
0.1864560413,0.0524270344
0.1836756539,0.05068474539
0.1809572634,0.04984424548
0.1783173839,0.05031736626
0.1757575227,0.04910857412
0.1732755824,0.04807330065
0.170871986,0.04595804924
0.168543786,0.04509546999
0.1662614284,0.0436016682
0.1640296037,0.04168027922
0.1618469187,0.0405564388
0.159712373,0.03760392546
0.1576212349,0.03717539536
0.1555711938,0.03516992725
0.1535948235,0.03526789119
0.1516862394,0.03444902375
0.1498379814,0.03405270107
0.1480354161,0.03319670788
0.1462888643,0.03393669688
0.144582459,0.03185123911
0.1428968282,0.0311741275
0.1412468256,0.03056614663
0.1396250403,0.02954663109
0.1380421809,0.02745731912
0.136495356,0.02678451641
0.1349884249,0.02690723125
0.1335273188,0.02649638147
0.1321000884,0.02464997011
0.1306924883,0.02412154261
0.1293037182,0.02255068512
0.1279474596,0.02196919085
0.1266278193,0.02155580299
0.1253299201,0.02168154816
0.1240544406,0.0214412304
0.1228068401,0.02114093689
0.1215884731,0.01984849107
0.120398331,0.01910006298
0.1192298452,0.0183333494
0.1180839691,0.01838323685
0.1169560358,0.01751796288
0.1158457139,0.01697850884
0.1147515471,0.01627179206
0.1136784342,0.01547585775
0.1126279523,0.01521492684
0.1115992227,0.01529407417
0.11058685,0.01492829041
0.1095959969,0.01492957085
0.1086238653,0.01496753513
0.1076702834,0.01522882565
0.1067330506,0.01503193252
0.1058089497,0.01477872515
0.1049006286,0.01498623745
0.1040098003,0.01530219903
0.1031315407,0.01524978732
0.1022662898,0.01522551689
0.1014166568,0.01463508171
0.1005796497,0.01394941741
0.09975569926,0.01334567815
0.09894539306,0.01325980394
0.09814777791,0.01230166441
0.09736253755,0.01266130154
0.09658934986,0.01290685283
0.09582879484,0.01284483177
0.09507860547,0.01275485281
0.0943392808,0.0123617805
0.09361223619,0.01223196597
0.09289689706,0.01212410234
0.09219257764,0.01177318728
0.09149896708,0.01116194571
0.09081310974,0.01107163627
0.09013742086,0.01097326405
0.08947330852,0.01089094615
0.08881997466,0.01099773032
1.240915906,1.652300985
0.491999228,0.7348278641
0.3259680443,0.528892641
0.2347189058,0.4318212946
0.177514394,0.372924461
0.1393996923,0.3445456604
0.1177841909,0.2883567641
0.1040864109,0.2624797982
0.09286811542,0.2132921864
0.08254669643,0.1950857593
0.07321048793,0.1698679805
0.06496566487,0.1620926737
0.05807582999,0.1479608182
0.05266417169,0.1443405452
0.04810986717,0.1338990553
0.04462949028,0.1240311443
0.04181821525,0.1122095598
0.03953501752,0.1035948829
0.03771055901,0.1028569746
0.0362190304,0.09886201727
0.03512226116,0.09603512439
0.03427424888,0.08900364286
0.03324401455,0.08129875836
0.0321569824,0.07840839377
0.03102412751,0.07659758417
0.02995025345,0.07431472547
0.02902254691,0.06661983837
0.02813156991,0.06125983479
0.02728025194,0.06254759552
0.02654943945,0.05877788742
0.02577481853,0.05711588244
0.02516345392,0.05205181354
0.02460807249,0.04669517461
0.02402990193,0.04666919888
0.02341191167,0.04399194001
0.02278791529,0.04233705354
0.02219078191,0.03932438726
0.02168411814,0.0381465262
0.02120011743,0.03786166661
0.02064422739,0.03865267445
0.02006432128,0.03794537149
0.01955355905,0.03666020952
0.0191458017,0.03322318572
0.01877818587,0.03233462777
0.01845386939,0.03113622707
0.01814496643,0.03040170029
0.01785798307,0.03135071907
0.01759488488,0.03113323513
0.01734012376,0.03018075857
0.01710366917,0.03070426687
0.01686585923,0.0291894925
0.0166411363,0.02667713113
0.01643392159,0.02588739292
0.01620756198,0.02471838029
0.01596592806,0.02375363794
0.0157320082,0.02318625654
0.01550600271,0.02202366436
0.01528235144,0.02159537395
0.01505099308,0.02088559263
0.01482254513,0.01995212886
0.01461486064,0.01957179858
0.01442317315,0.01857248252
0.01423677255,0.01796882332
0.01405983028,0.01820808426
0.01389694095,0.01783146822
0.01372734742,0.01793322178
0.01356449776,0.01798298147
0.01340813497,0.01763041906
0.01325945839,0.01769431875
0.01311728415,0.0167827464
0.01297704996,0.01587992702
0.0128424912,0.01594417567
0.01270368526,0.01588928173
0.01256190837,0.01589950355
0.01241569104,0.01555146436
0.01226210906,0.01554119257
0.01209925847,0.01643734611
0.01193032898,0.02205686917
0.01175659483,0.01738786383
0.01158688904,0.0169593504
0.01142517262,0.01826253402
0.01127199927,0.01344255625
0.01113494445,0.01285533938
0.01101381461,0.0129750622
0.0109035312,0.01344539936
0.01080562213,0.01363651261
0.01071625543,0.01352816251
0.01063197124,0.01315173459
0.01054647127,0.01274099962
0.01046198046,0.0121566763
0.01037391599,0.01105645219
0.01028716074,0.01092308762
0.01019950481,0.01103910353
0.01011337723,0.01115768505
0.01002253356,0.01097939465
0.00992535879,0.01066717515
0.009828152265,0.01078212203
0.009733978477,0.01038955335
0.00964211625,0.009801928417
0.00955218773,0.009288584347
0.009464500746,0.009157827904
0.009384355147,0.00921423271
0.009310563741,0.009094456029
0.009241516243,0.009326586982
0.009173272652,0.009789302493
0.009106972662,0.009874883454
0.009040816864,0.009871356883
0.008973315238,0.009959104088
0.008903570555,0.01011891708
0.008832114104,0.009947371845
0.008761418344,0.009719592339
0.008691464384,0.009370806899
0.008621626308,0.008780774971
0.008553215729,0.008345956902
0.008485668942,0.007819811365
0.008418809044,0.007601770118
0.008353897033,0.00750926557
0.00829084317,0.007708246587
0.008226393955,0.007911564537
0.008160702228,0.007825181596
0.0080951579,0.007955259481
0.008028894967,0.007952368464
0.007963538173,0.007982110886
0.007900956705,0.008043647603
0.007838695138,0.007794961362
0.00777614482,0.007910079174
0.007715494267,0.007962787881
0.007657560392,0.008169881801
0.00760204815,0.008409272984
0.007548298259,0.008521754053
0.007496499635,0.008522032106
0.007446660299,0.00842129896
0.007398191693,0.008249231487
0.007350421966,0.007799519746
0.007301625081,0.007302604515
0.007251096454,0.007119147977
0.00719925344,0.007080852301
0.0558823409,0.05312665421
0.04124345178,0.04716287175
0.06795465539,0.0401688365
0.09665679747,0.03705682947
0.02893127506,0.03231862856
0.02668074624,0.02972608103
0.02466231461,0.02492772584
0.0223935226,0.02447850174
0.02008428177,0.0252480943
0.01785130111,0.02506308784
0.01627267992,0.02297535022
0.01494929112,0.02068840298
0.01383320384,0.01958084746
0.01295020539,0.018498514
0.01225511902,0.0175366512
0.01172614897,0.01841062404
0.01126314477,0.0184844888
0.01099057875,0.01748927023
0.0106819809,0.01711170106
0.01038719322,0.01479723169
0.01003902505,0.01370179666
0.009648170786,0.01364823623
0.008942792798,0.01467293177
0.008865433286,0.01539806015
0.008553133803,0.01450421823
0.008300208747,0.01360687546
0.008100060195,0.01302941038
0.007923670315,0.01210367459
0.007736083853,0.0114215568
0.007646071794,0.01077142616
0.007530132123,0.01062168018
0.007348213362,0.01081476744
0.00731607145,0.01078451107
0.007199683733,0.01054584341
0.007073543598,0.009333249825
0.006795200393,0.00873645872
0.006757458197,0.009296869951
0.006593107338,0.0096542701
0.006445083136,0.009812855049
0.006310519187,0.008949402593
0.006189473684,0.009303265359
0.006079231448,0.008856484015
0.005837768917,0.008344965952
0.005920039277,0.008286774703
0.005860438308,0.008674415753
0.005807266717,0.008720925004
0.005744077362,0.00860684933
0.005673892623,0.008483674195
0.005597700695,0.00772195334
0.005515107016,0.007485525525
0.005429112456,0.00756875522
0.005298418682,0.007435265197
0.00524504393,0.007353462572
0.005148113583,0.007374855673
0.005053428882,0.007062393142
0.004966412069,0.006781303873
0.004889576815,0.006778378247
0.004822306994,0.006497793019
0.00475957392,0.006198014621
0.004700304553,0.006157132582
0.004642473306,0.006404552166
0.004587616307,0.00638033289
0.00453522578,0.006347936557
0.004484795162,0.006032489932
0.004434553274,0.005695514309
0.004383666292,0.005465130769
0.004333559967,0.005465030725
0.004283444246,0.005341526657
0.004233770635,0.005292216491
0.00418462289,0.005488723812
0.004138934461,0.005485380139
0.004097632685,0.005603762522
0.004059294613,0.005846183023
0.004023115274,0.006036957624
0.003989384368,0.005995353598
0.00395723734,0.006036290455
0.003924046782,0.005870439426
0.003891508528,0.005600819971
0.003857266551,0.005359913523
0.00382261247,0.005374963053
0.003787048186,0.005552229353
0.003751060405,0.005701909361
0.003714418261,0.005730589375
0.003677559165,0.005662321244
0.003641710877,0.005599385052
0.003608023628,0.005567857523
0.00357608452,0.005685610293
0.003544804705,0.005780737063
0.003494383588,0.00569424112
0.003484166767,0.007087362696
0.003451868033,0.00659641272
0.003419614906,0.006184148801
0.003387305557,0.005906499978
0.003355246914,0.005832485794
0.003323952361,0.005629343978
0.003292807594,0.00548110158
0.003264070087,0.005457154228
0.003235733484,0.00584440536
0.003196431487,0.006062532298
0.003184536851,0.006413757165
0.003162043779,0.006010741998
0.003140031011,0.005332245134
0.003117383522,0.005475761399
0.003094470483,0.005331080062
0.003071092778,0.004879128097
0.003047015488,0.004597063319
0.003022600787,0.004757923706
0.002997188236,0.004457469646
0.002970537501,0.004395711766
0.002943006749,0.004556268243
0.002915475968,0.004494328796
0.00288839289,0.004437745661
0.002862291551,0.004347188419
0.002838029158,0.004242743434
0.00281486142,0.004200870883
0.002792634597,0.004171258921
0.002770710229,0.004314865182
0.002750019868,0.004347498222
0.002729978348,0.004247967078
0.00271009991,0.004296143837
0.002690752301,0.004262430627
0.002670671767,0.004212771687
0.00265177012,0.004231230974
0.002632288186,0.004460882271
0.002612150006,0.004526531637
0.002592001935,0.004404782818
0.002572083294,0.004123132838
0.002552348411,0.003936504212
0.002532915715,0.003821369921
0.002514025093,0.003638866752
0.002297308891,0.003539024708
0.002478177289,0.003661960228
0.002461043349,0.003923201245
0.002444976287,0.00413258182
0.002430595817,0.004194080802
0.002416582104,0.004246976597
0.7438588774,0.0114687538
0.08201091248,0.006736880743
0.001469923626,0.006596680981
0.016119092,0.004990251159
0.02425619668,0.004827296352
0.003682629535,0.004475495489
0.003452329927,0.004142892377
0.01063144831,0.0039144137
0.003137439557,0.003665591538
0.003020717289,0.00365689308
0.00292668506,0.003737972086
0.002841196956,0.003563315195
0.004443531906,0.003547743245
0.002713094505,0.003486925512
0.04937718042,0.003450549536
0.00391579293,0.00347493759
0.007840328429,0.00333470972
0.002511693519,0.003135838947
0.002468332067,0.003204338017
0.003010562056,0.003316216181
0.002312861995,0.003264866322
0.002361033521,0.003275636572
0.002036306556,0.003183741958
0.009819261555,0.00322655676
0.002268960847,0.003202756206
0.002265290101,0.003417687357
0.002249614963,0.003198947683
0.002235285951,0.003216248246
0.002223563285,0.003179755929
0.002212104401,0.003045120415
0.005472883918,0.00301647587
0.002192473415,0.003223792116
0.002195148384,0.003198117308
0.002190803045,0.003766525117
0.002189246173,0.004662900495
0.002189359946,0.004119905974
0.002190313822,0.00378720822
0.002190630173,0.003445979371
0.002168370403,0.003205589331
0.002190154945,0.003941624414
0.002190611181,0.004040823743
0.00219026925,0.003714685934
0.002184083699,0.003333440138
0.002188978751,0.002932172548
0.00218635604,0.002963051515
0.002187181506,0.002996590894
0.002187794644,0.003052110615
0.002188914406,0.003111331399
0.002189309865,0.003142760208
0.002555787422,0.00345637674
0.002193610117,0.003532605488
0.002371657498,0.00314998938
0.002169240826,0.00283420086
0.00219831138,0.002930728458
0.003228310129,0.002978417524
0.002197270451,0.002988483678
0.002196442705,0.003260488693
0.002194092167,0.003236875227
0.002190721476,0.003606074345
0.002187464921,0.003803046833
0.002182317938,0.003329046463
0.002178244899,0.00295358412
0.002170920694,0.00257347324
0.002162094856,0.00250655706
0.002153571753,0.002426954112
0.002147498926,0.002613471791
0.00211261858,0.002959680573
0.002559258211,0.002816141082
0.002112815369,0.002554167355
0.002099819705,0.002787175243
0.002084325258,0.00343872528
0.002067431197,0.003320890761
0.00204994692,0.003164237333
0.002030021429,0.002864799939
0.002008748343,0.003103618879
0.001987111535,0.002836867423
0.001963474861,0.002447031427
0.0019022232,0.002423860442
0.001918059813,0.002460749119
0.001893881941,0.002662683526
0.002203286184,0.002672723451
0.00184616699,0.002352377024
0.00182535882,0.002089231713
0.001802193834,0.002072486654
0.001337817316,0.002107281454
0.001737971497,0.002166708
0.001730564632,0.002191243858
0.001718759286,0.00211551076
0.00169250449,0.002146855683
0.00167996378,0.002156181788
0.001661556616,0.002066103142
0.001643686244,0.002417674978
0.001626082025,0.003069196691
0.001608802324,0.003291063482
0.001590476442,0.002979375091
0.001574389399,0.003351713128
0.001556632795,0.003095835056
0.001537816377,0.002869775864
0.001518343392,0.002370743685
0.001498185107,0.002318304146
0.001477497369,0.002248124153
0.001456353294,0.002276182288
0.001435581903,0.002537401699
0.001415117997,0.002545382636
0.001395196865,0.002448406874
0.001376323014,0.002375223169
0.001358567011,0.002274286902
0.001341408635,0.002234548575
0.001324396793,0.002180684405
0.00130798847,0.002105174598
0.001291977438,0.002019075056
0.00127616608,0.002144201561
0.001260782155,0.002334298636
0.001209987813,0.00210414381
0.001232132664,0.00199674638
0.001044650366,0.001969150616
0.001205591751,0.00201044324
0.001193070355,0.001944592477
0.001180998995,0.001901437208
0.0007638010902,0.001903964505
0.001158309479,0.001900478231
0.001147772946,0.001860434861
0.001137839102,0.001801326653
0.001127575088,0.001716484759
0.001118005894,0.001648995516
0.001108521042,0.001619074205
0.001098580092,0.001562217883
0.001088444002,0.001513111986
0.00107896873,0.001471295568
0.001069388702,0.001437978029
0.001059618657,0.001502235668
0.001049952998,0.001534246017
0.001040159919,0.001471972404
0.001030552914,0.00156511449
0.001020586756,0.001866436748
0.001010570715,0.002020973106
0.001000746988,0.001988129668
0.1569234788,0.002849765456
0.05396000761,0.002372741949
0.01313669384,0.002092108801
0.03661747772,0.001912523133
0.02877790483,0.001899248346
0.03621209445,0.001776642498
0.001896047532,0.001768329699
0.000169345754,0.001769242307
0.02788825617,0.00152143588
0.004490209681,0.001586248499
0.001461674296,0.001571252797
0.02187942417,0.001867969364
0.007485188285,0.001599044146
0.015341933,0.001504555215
0.001388403578,0.001552539299
0.004644939267,0.00144497792
0.001373805449,0.001380951987
0.003711270102,0.001521583046
0.005652679236,0.001335000275
0.001334303138,0.001470694724
0.001335853358,0.001805076925
0.001321390376,0.001613677507
0.006326960765,0.001557686449
0.001309030568,0.001653605974
0.001299208139,0.001774617286
0.005047015329,0.001603633222
0.00127066117,0.001668334211
0.001275880016,0.001848117386
0.00126641384,0.001897950495
0.001254491974,0.001865192452
0.004504919666,0.001917991637
0.001228804484,0.001761862092
0.001219828491,0.001753646757
0.001210813036,0.001517066449
0.001198563948,0.001540160126
0.001188944712,0.001802500993
0.003082551174,0.001680881303
0.001166688512,0.001288142978
0.001158764969,0.00131620691
0.001307945017,0.001756348086
0.001138711101,0.001701244056
0.001128623975,0.002106248671
0.001115543846,0.002329743461
0.001104837709,0.001945113961
0.001096520419,0.001400949884
0.001085244248,0.001461246587
0.001073588627,0.001804149244
0.001064417654,0.001675277966
0.001052715203,0.001382561776
0.00104135856,0.001279877836
0.00102946471,0.001211095701
0.001018100534,0.001110671079
0.001006744535,0.001164464593
0.0009936563482,0.001533515507
0.0009831447041,0.001624896925
0.0009702945346,0.00150744206
0.0009561696744,0.001553673698
0.0009429659369,0.001442658458
0.0009291987032,0.001325170718
0.0009152644896,0.001582621803
0.0009001195806,0.001620228701
0.0008851973682,0.001508081266
0.0008728163784,0.001379791623
0.0008585277814,0.001316783351
0.0008446490555,0.001402313273
0.0008308952936,0.00152137075
0.0008164475873,0.001470655631
0.001715158603,0.001575867044
0.0008685730504,0.001812743187
0.000778599184,0.001846921551
0.0007659175288,0.001667099432
0.0007532381789,0.001455512801
0.0007409927511,0.001075974325
0.0007282247785,0.001006949406
0.0007152731291,0.001011861095
0.0007019448317,0.001002239501
0.0006886636146,0.0009728037911
0.0006746612208,0.001016607807
0.0007690632565,0.001154612706
0.0006470761642,0.001356997615
0.0006332324392,0.001252817387
0.0006190113678,0.001185160511
0.0006049752822,0.001003493144
0.0005906191651,0.000924893355
0.0005761024594,0.0009088602724
0.0005616047245,0.0009481745761
0.0005471284513,0.0009880685323
0.0005324620626,0.001101939233
0.0005180085182,0.001370975926
0.0005037162918,0.00138598256
0.000489337851,0.001154406261
0.0004752991557,0.001118303532
0.0004255241509,0.001118022526
0.0004471402602,0.001099045096
0.0004334436326,0.001111421717
0.0004198312976,0.001148445906
0.0004066143028,0.001222216582
0.0003938954292,0.001294380777
0.000381474308,0.001234803941
0.000369835212,0.001232238186
0.0003585097399,0.001243290643
0.0003479256093,0.001257040973
0.0003379904615,0.001409349759
0.0003287095145,0.001407076904
0.0003176546047,0.001300629456
0.0003123061767,0.001255658233
0.0003054516985,0.001247030866
0.0002992092367,0.001235310467
0.0002938018425,0.001202986409
0.0002893524248,0.001180626964
0.0002853864551,0.001189483361
0.0002820339673,0.001212527242
0.0002794338123,0.00120358901
0.0002774965836,0.001183035026
0.0002759947253,0.001196165105
0.0002748905235,0.001222664524
0.0002740739484,0.001151450154
0.0002738679866,0.001101077593
0.0002737853209,0.001039959343
0.0002737290496,0.001001456096
0.0002731735079,0.001020363347
0.0002746543707,0.001061853819
0.0002749408776,0.001099321767
0.0002764443553,0.001042042029
0.000277598954,0.001004336559
0.000278869007,0.00100692332
0.0002802244458,0.001014950351
0.0002815576762,0.000999919777
0.0002827971136,0.001000249831
0.0002840585301,0.00106797309
0.0002853867502,0.001054329689
0.0002867903479,0.00101121402
0.0002882625107,0.001022692259
0.0002897805293,0.001042736375
0.0002912825087,0.001250730085
0.0002928661771,0.001399081811
0.003334342686,0.002572640065
0.1715420848,0.001871885381
0.000746133927,0.002031167703
0.03077459766,0.001298586826
0.008575695768,0.001927858684
0.007637887376,0.001950749043
0.007734053741,0.001001800685
0.0003333356151,0.001069821235
0.003756734009,0.001418239193
0.0002955046861,0.00143826766
0.0002730137186,0.00106477419
0.0002599336169,0.00120854737
0.0002573851237,0.001321758572
0.002171500269,0.0009379850009
0.0007719175544,0.0006852770158
0.0002685088447,0.0008377908291
0.002211389779,0.001402850761
0.003099582735,0.001422056827
0.0005324080281,0.001031507686
0.0004038413849,0.001072281647
0.002413310271,0.001354451584
0.003610303169,0.001215866067
0.003200784303,0.001085550489
0.0003313302517,0.001148656268
0.0003381758203,0.001087754867
0.0003446812153,0.0008497079149
0.0003522892741,0.001111696779
0.000359021621,0.001312162228
0.0003655191096,0.001244730468
0.0003718193234,0.001148491857
0.0003757842951,0.001293605175
0.0003836530185,0.00137601953
0.0003867597581,0.001015277754
0.0003957933143,0.0007602743363
0.0004241061811,0.0006888190201
0.001039324652,0.0006912026529
0.00290917498,0.0006419367673
0.0004159129285,0.0006994935438
0.0004210898774,0.0008911373698
0.0004270449795,0.001106718572
0.0006918773749,0.001067745188
0.0004129376642,0.0008500232798
0.0004371479993,0.0007381243894
0.000443668385,0.0007444540282
0.0004129470243,0.0006788785524
0.0004508009929,0.0006098976632
0.000452023903,0.0005564937516
0.0004538555457,0.0006003158326
0.001042045089,0.0006510416183
0.001034404723,0.0006534187702
0.001573846743,0.0007657333013
0.0004612952437,0.001000327776
0.0006645828427,0.001115940241
0.0004687455375,0.0009302017847
0.0004700715739,0.0008339278212
0.0004708743042,0.0008684607221
0.0004723654906,0.0007537809196
0.001664592172,0.0007071813963
0.0003482783191,0.0006915442909
0.001767829217,0.0007387501513
0.0004745949315,0.0006483255815
0.0004239040645,0.0005578112724
0.0004744915316,0.0005670000764
0.0004710844184,0.000589096782
0.0004731813676,0.0006890477107
0.0004717278564,0.0008074422137
0.0007864581925,0.0008347455957
0.0004690920913,0.0008234036669
0.0008995876728,0.0006763372173
0.0004671163291,0.0005098539344
0.0004690428175,0.0004906503107
0.0004676696988,0.0004813498816
0.0004660812945,0.0004910232185
0.0004652237973,0.0004972183073
0.0004638493703,0.0005088953735
0.0004621034811,0.0004772501877
0.0004607951551,0.0004651419243
0.0004590985419,0.0004744269939
0.0006119235186,0.0004781731024
0.000455460664,0.0004758576595
0.0004537228035,0.0004645323251
0.0004366605826,0.0004669112142
0.0004500406867,0.0004849524528
0.002619924675,0.0004941066031
0.0004454657261,0.0005429770023
0.0004436089194,0.0005887245212
0.0006557778842,0.0006208199639
0.0004398216086,0.0007217598896
0.0004377247217,0.0007910793672
0.0004353716645,0.0009207286566
0.0004332153563,0.001007680456
0.000430617628,0.001068598253
0.0004285412737,0.001124773824
0.001063071113,0.001205589822
0.0004238940371,0.001295369699
0.0002034388174,0.001437990725
0.0004199104701,0.00144358504
0.0004168868798,0.001427955672
0.0004166829764,0.001257530159
0.0004151109494,0.001138563808
0.0004139871052,0.001029070458
0.0004124017333,0.0009924538873
0.0004119908727,0.001050886815
0.0003893585907,0.001071774047
0.0004106880292,0.001188092971
0.0004102040712,0.001203920825
0.0004098956976,0.00116005001
0.0004097886414,0.001191207636
0.0004098447993,0.001282246619
0.0004099828765,0.00127235457
0.0004099417262,0.00103409138
0.0004103155317,0.0009277476576
0.0004111358792,0.0009315186548
0.0004117014032,0.000843940517
0.0004123675551,0.0007724830611
0.0004128629245,0.000697084232
0.0004134460035,0.0007017876043
0.0004128372816,0.0007345316295
0.0004148478936,0.0007183568184
0.0004158761172,0.0007534999654
0.0004168283128,0.0006978196366
0.0004173548234,0.0006574979986
0.0004165662788,0.0006189128996
0.0004193854228,0.0006282647784
0.000420618495,0.0006153260894
0.0004213873581,0.0006077573166
0.0004225662609,0.00060492592
0.0004237213215,0.0006047366102
0.0004249059751,0.000604794715
0.0004259678783,0.0006057174924
0.0006613758294,0.0006069892245
0.0004270235168,0.0006058401829
0.0004291589854,0.0006053085458
0.0004301869489,0.0006080465879
0.0004312472732,0.000617553551
0.0004324816651,0.0006297070139
0.000432361278,0.0006416332188
0.1946655058,0.00227828712
0.06639050494,0.001384489462
0.02060165091,0.001242060573
0.0009312383158,0.001060219219
0.0007327924403,0.00100685032
0.0006918631262,0.0009694066162
0.003452003056,0.0009337921051
0.0006389556584,0.0008738643551
0.007829766544,0.0008771493994
0.0005785337208,0.0009301692169
0.007976328088,0.0009959659373
0.005598522402,0.001350359294
0.0005450103508,0.001027623604
0.005400968176,0.001090256153
0.0005043962521,0.001107875366
0.0004589588295,0.0007363051336
0.003324467057,0.0007079012182
0.002979551561,0.0007075265851
0.0004439515596,0.000709223205
0.001585677593,0.0008886093314
0.004836993945,0.0009062330034
0.00487901696,0.0008511756687
0.0003876599065,0.0007976000239
0.04252128362,0.0007650782226
0.006162091449,0.0007384386994
0.001283926616,0.001027110521
0.0003550191657,0.0013343446
0.0003726849745,0.001213280819
0.0003626473905,0.0009294333678
0.003053683088,0.0007390900519
0.0003649084728,0.0007634396662
0.0003691295893,0.0008395531959
0.001318319056,0.0009197897703
0.001932723998,0.001134238452
0.0003674313114,0.001112828684
0.0003640353685,0.001173667022
0.001295047284,0.001228716825
0.001584803554,0.001333779198
0.000370613893,0.001254755061
0.000370669484,0.001280102966
0.0003727069087,0.001368422672
0.0003728581095,0.00122872184
0.0003782872553,0.001059758365
0.001263373079,0.0008877927485
0.0006196489004,0.0007143512877
0.001885459657,0.000767536749
0.001414584989,0.0008117668669
0.001178448179,0.0007607454055
0.000394712532,0.0006872073874
0.0003933122391,0.0006546698397
0.0004020365998,0.0006329779011
0.001039034045,0.0006242099687
0.0005788294742,0.0006424601218
0.0004119800611,0.0006959267576
0.0004131359843,0.0006157904298
0.001277002887,0.0005998229243
0.0004192955056,0.0006230905336
0.0004216344953,0.0006343472743
0.001364437696,0.0006412508751
0.0004262779656,0.0006481658203
0.002724819154,0.0006463060538
0.000429905951,0.0006483591529
0.0004327020664,0.0006384106467
0.001124012776,0.0006222215409
0.0004365020028,0.0006194252131
0.0004387984105,0.0006344463487
0.0004406488314,0.0006487532635
0.001672497393,0.0006545855619
0.0004443475715,0.0006548655332
0.001179213855,0.0006683222765
0.001141102998,0.0006688818668
0.0004514778362,0.0006597186744
0.0004526190905,0.0006583244301
0.0004548599188,0.0006533133062
0.0004582865353,0.0006923288359
0.002612170717,0.0006784563136
0.0004626957595,0.0006557545517
0.0004648148662,0.000642210266
0.0004546207492,0.0006448438435
0.001002040153,0.0006702993441
0.0004708624516,0.0007114403942
0.001443463716,0.0006711888967
0.0004740717324,0.0006560604502
0.0004900848841,0.0006647857569
0.0004787941511,0.0006665007784
0.002090401733,0.0006570145251
0.00222406893,0.0006504540855
0.0004841874403,0.0006387567752
0.0004860452319,0.0006886955319
0.0004882789575,0.0007231735038
0.0004895264522,0.0007148267219
0.0004892596525,0.0007775594648
0.0004884163417,0.0007710216289
0.001971976279,0.0007736527334
0.0004965140716,0.0007988210967
0.0004968324618,0.0008017348486
0.0004992896028,0.0008555501179
0.0005012111239,0.0008137867863
0.0005026870119,0.0006605099211
0.0005035147281,0.0006288563437
0.0006704807289,0.0006318795319
-0.0008954358213,0.0006426617812
-0.0008764799,0.0006529865169
0.0007512367623,0.0006591050268
0.0005110594255,0.0006691365874
0.0004687791264,0.0006744639637
0.0005147752909,0.000673580242
0.0005160965424,0.000662994542
0.0005178179516,0.000649839291
0.0005188535436,0.0006413337461
-0.0005049481257,0.0006280321496
0.001026167857,0.0006220138324
0.0005230475496,0.0006150285472
0.001036329134,0.00060779241
0.001042902608,0.0006013155579
0.0005274224402,0.0005932804323
0.0004909764446,0.0005903729707
0.000530151232,0.0005884973024
0.0005314666815,0.0005761779777
0.0005325816681,0.0005611876734
0.0005325496757,0.0005523300205
0.0005343395749,0.0005561601453
0.0005351983991,0.0005665789556
0.0005361063576,0.0005714610225
0.0005224630668,0.0005815944129
0.0005254032075,0.0006045487429
0.0005383325728,0.0006204262017
0.0005358292887,0.0006259176571
0.0005167117271,0.0006270183048
0.000539266727,0.0006260843888
0.0005403480677,0.0006185918202
0.0005393228854,0.000618025228
0.0005412666063,0.0006127464277
0.0004943426835,0.000604159272
0.0004932004774,0.0005952243211
0.0005428898379,0.0005951303913
0.4624757795,0.0006465872048
0.04796544974,0.0004857863103
0.02881033251,0.0005542697528
0.1448225708,0.000480522631
0.04546542148,0.0005777462653
0.1148348405,0.0005162996274
0.0005632957953,0.0004716839378
0.0001748157092,0.0004655501709
0.03420174377,0.0004504649462
0.03707578983,0.0005486573091
0.00343026576,0.0005648613
0.07865757628,0.0004808874767
0.007214991255,0.000488096325
0.01706830812,0.0004715070873
0.04312598617,0.0004440427538
0.0005397266007,0.0004568994361
0.02137413277,0.0004671306687
0.01477322441,0.0004530051444
0.01341958938,0.0004636148303
0.03215326698,0.0004979505296
0.02994022232,0.0005162344873
0.0005712199556,0.0004700414508
0.01667074091,0.0004737821
0.03391038789,0.0004773298543
0.02163761632,0.0004580416411
0.01609282149,0.0004431779412
0.04143896065,0.0004395243759
0.01002156156,0.0004434592588
0.00319943966,0.0004394691865
0.0002308583938,0.0004422837023
0.001318177796,0.0004503279189
0.0313603621,0.0004549069859
0.001216985576,0.0004470715175
0.0005096228746,0.0004459776422
0.008719594062,0.000446074312
0.006437309212,0.0004464148281
0.0116313704,0.0004444428574
0.003034830648,0.0004449940558
0.0359657781,0.0004443542798
0.005016414731,0.0004450632506
0.000515889538,0.0004465188698
0.006677613658,0.0004451982699
0.03260945476,0.0004453150107
0.02211206372,0.0004470483346
0.01300768506,0.0004487118059
0.01062006076,0.0004519510254
0.01379100146,0.0004539931956
0.007821050352,0.0004526691302
0.01752986768,0.0004484897118
0.03888315146,0.0004465077971
0.005064272181,0.0004461034674
0.01865281681,0.0004460455229
0.01935897306,0.0004468155159
0.02186185296,0.0004454172793
0.01065439796,0.0004434145941
0.003131367549,0.0004408200168
0.0004849521006,0.0004397402008
0.01869553705,0.0004386584136
0.0004897543239,0.0004368915812
0.0005946101586,0.0004347465182
0.01218236296,0.0004338429469
0.005639207408,0.0004356039686
0.01177689056,0.0004360490647
0.001181664444,0.0004329744013
0.02343696282,0.0004303076295
0.03534532175,0.000426208658
0.0130463598,0.0004238743848
0.009224819719,0.0004213951221
0.01063060991,0.0004202005245
0.03790216005,0.0004173134388
0.0005514258034,0.0004127106133
0.01223386949,0.000411162605
0.0169366576,0.0004091705764
0.0005834984218,0.0004090124182
0.03061517851,0.0004087343943
0.00449732902,0.0004065170203
0.01450340339,0.0004036273067
0.02614530161,0.0004004153426
0.03390554771,0.0003983099498
0.0003422365402,0.0003944468101
0.000475024887,0.000392453731
0.01963939898,0.0003893161389
0.01931042183,0.0003878540262
0.07807145248,0.000384830711
0.01496230515,0.0003831333374
0.02974389495,0.0003793933579
0.0005506997192,0.000375784065
0.0005768417784,0.0003727660758
0.02426433727,0.000367971953
0.02225375299,0.0003657698943
0.02188714107,0.0003634158037
0.008153045502,0.0003589117742
0.0005615991013,0.0003535401871
0.01044744903,0.0003514064654
0.00603734264,0.0003483405427
0.01887085728,0.0003441690794
0.006208334513,0.0003419605551
0.006620492678,0.000339655696
0.0290644924,0.0003367896854
0.01660833187,0.0003330756247
0.007546725449,0.0003287160851
0.0003607074741,0.0003243063326
0.002392328388,0.000319881832
0.008961354518,0.0003158116243
0.000494720323,0.0003120503704
0.01284811381,0.0003086909251
0.0005650121223,0.0003051383878
0.0005641244974,0.0003014564312
0.01192955743,0.0002978817931
0.00621778203,0.0002940734943
0.0003604197591,0.000290789409
0.0005285384067,0.0002880941806
0.01179992185,0.0002849640742
0.004083122871,0.000281438366
0.0005526586498,0.0002765260037
0.006738590647,0.000271304776
0.006349852502,0.0002663054446
0.002357410553,0.000262292382
0.000539535528,0.0002584409125
0.008423925699,0.0002551116253
0.005266270309,0.0002519236946
0.005309319949,0.0002477356936
0.004819678835,0.000242258968
0.0005410513965,0.000236456563
0.0004772363519,0.0002306495493
-0.004966808106,0.0002264645823
0.000534777621,0.0002232700244
0.003321118534,0.0002205020281
0.004530977352,0.0002168737772
0.0005292031728,0.0002113507335
0.0005107305135,0.0002077772235
0.0005189993116,0.0002049337099
0.000517067875,0.0002019399384
0.0004685971248,0.0001991212691
0.000454160465,0.0001952140347
0.0005101749952,0.000189181674
0.0005113618351,0.0001819264495
1.587247643,0.0003629977739
0.9238565988,0.0003671274945
0.1016590798,0.0003644834275
0.1669266211,0.0003626241811
0.2281834124,0.0003600888382
0.02373868095,0.000357820412
0.04585808076,0.0003562544454
0.1199250619,0.0003540851149
0.09610076795,0.0003516792911
0.00119930157,0.0003503976406
0.04953714575,0.0003462268776
0.02466991943,0.000343104133
0.02544898987,0.0003425215387
0.0003269876807,0.0003399560164
0.01996654848,0.000337223477
0.03404184735,0.0003353516629
0.01914963556,0.0003321323258
0.0007645218231,0.0003300504767
0.01995194366,0.0003275806135
0.03903843264,0.0003249667341
0.002544279768,0.0003222232018
0.0004543395895,0.0003189061826
0.009914469287,0.0003138416826
0.002289793396,0.000311314559
0.007668578734,0.000309071632
0.01852478784,0.0003053645742
0.01308019234,0.0003025099088
0.01244247182,0.0003003380912
0.0004644264646,0.000296927162
0.0003851585929,0.000292718681
0.02434009518,0.0002888282862
0.02461818292,0.0002854520671
0.01309518367,0.0002833336128
0.006051482395,0.0002803162074
0.009523104256,0.0002753866706
0.005622470371,0.0002718565933
0.001352464894,0.0002685283933
0.0004526974208,0.0002648987128
0.0002319460535,0.0002621924992
0.007749334115,0.0002584331912
0.0004247796353,0.0002556210394
0.0004415631207,0.0002510415611
0.000840439355,0.0002487861225
0.007381534009,0.0002450223328
0.0004371197121,0.0002405027707
0.006395395808,0.0002372127645
0.0004367839346,0.0002339603709
0.01535231456,0.0002308491783
0.004997249725,0.0002274265764
0.000427159854,0.0002235704775
0.001950548161,0.0002193877085
0.003300342765,0.000215528507
0.0004085965258,0.0002117525845
0.008938562501,0.0002075044059
0.0004139536963,0.0002037230144
0.003408524314,0.0002002171541
0.008057481125,0.0001960629175
0.0004049350106,0.0001915988941
0.000719501761,0.0001877349638
0.0004003934034,0.0001838638594
0.07732817228,0.0001796870381
0.0003991640473,0.0001754288312
0.005208213923,0.0001719794131
0.00284529899,0.0001687935073
0.0003883201586,0.0001650973991
0.0003872131961,0.0001606133678
0.002947211527,0.0001560281712
0.002342593416,0.0001512990299
0.000378339391,0.0001471684499
0.0003773389595,0.0001433398539
0.0003714012067,0.0001394845143
0.007110993295,0.0001354387966
0.0003243428559,0.0001315110161
0.002229098044,0.0001274978403
0.002210513428,0.0001233913448
0.000230760356,0.000119284106
0.0003588022289,0.0001157071377
0.0003539655738,0.0001120664227
0.0005874316226,0.0001081923368
0.0003480547324,0.0001042003073
0.002774438762,0.0001001666169
0.003896348521,9.60472682e-05
0.004116239713,9.211566357e-05
0.0007326987114,8.840061589e-05
0.0003359768532,8.447534088e-05
0.0004400312499,8.006616355e-05
0.003490189629,7.577020788e-05
0.0003276397873,7.187565483e-05
0.001196378405,6.864730617e-05
0.0003220284387,6.50523347e-05
0.0003188728351,6.172559479e-05
0.00216594559,5.896270444e-05
0.0003127534031,5.631023696e-05
0.0003089794864,5.387900475e-05
0.0003057854225,5.083535399e-05
0.0003035999708,4.837786184e-05
0.0003013951498,4.640522445e-05
0.0008088863828,4.533530599e-05
0.001526624584,4.491357348e-05
0.0009914118573,4.452198433e-05
0.0002872002591,4.494416559e-05
0.0004647195172,4.59416365e-05
0.0002830052887,4.731235635e-05
0.000280683565,4.899306266e-05
0.0009814857374,5.149367387e-05
0.0002734005177,5.436690911e-05
0.0002716047045,5.747381125e-05
0.0002686402046,6.045428198e-05
0.0002658150877,6.417047634e-05
0.0002622736095,6.895770144e-05
0.0002506337754,7.252278782e-05
0.000256669508,7.583131965e-05
0.0002536866078,7.931436986e-05
0.001774987642,8.308723208e-05
0.0002475804608,8.7113697e-05
0.0002395281015,9.184239656e-05
0.000233032925,9.637255983e-05
0.000238547927,0.0001010267576
0.0002350848228,0.0001058595862
0.0002325175677,0.0001107148041
0.0002291821181,0.0001154191691
0.0002262998578,0.0001203279937
0.0002213814854,0.000125088118
0.0002202226487,0.0001296177379
0.000217001292,0.0001341998985
0.00021414224,0.0001387083889
0.0002086266519,0.0001427021621
0.0002081547088,0.0001468184863
0.0002039516697,0.0001509439328
0.0007610915935,0.0001553048334
0.0001991053944,0.0001597548845
0.0001960934869,0.0001640006108
0.0001930928713,0.0001681619995
0.0001894658282,0.0001725567258
0.0001870288448,0.0001770872135
0.0001839825957,0.0001817869218
0.3005570698,0.0001680025839
0.1477751107,0.0001428491869
0.01985038675,0.000134601854
0.01980458931,0.0001280144487
0.01442826142,0.0001235790694
0.02113682865,0.0001183146761
0.005271607266,0.0001139922235
0.01241891571,0.0001112621393
0.0005597190919,0.0001070195142
0.01778445653,0.000102053804
0.006580415565,9.718053393e-05
0.0001400491475,9.335203406e-05
0.0001525735004,9.122976959e-05
0.007134303058,8.598069007e-05
0.0001308769368,8.200238524e-05
0.0009440860832,7.805422497e-05
0.0002243121788,7.392579635e-05
0.004560888241,7.074043663e-05
0.003631972557,6.820277749e-05
0.00293846744,6.462859514e-05
0.002641316356,6.18561156e-05
0.0004081242833,5.794455025e-05
0.001432729386,5.372218908e-05
0.0001217858628,5.067594303e-05
0.0001188962282,4.771650487e-05
0.001913565013,4.584702602e-05
0.0001128727965,4.314696839e-05
0.0001104670289,4.113582953e-05
0.001135212248,3.899222201e-05
0.0006964187115,3.776319901e-05
0.0001008707697,3.714184705e-05
0.0009769905633,3.658217645e-05
0.002536440449,3.56705677e-05
0.0002793159,3.590381126e-05
8.926105439e-05,3.764163416e-05
8.531968324e-05,3.949495231e-05
0.0002938029691,4.162968703e-05
8.207338163e-05,4.357277015e-05
0.0006208696928,4.673767303e-05
7.457085791e-05,4.943709851e-05
7.425845193e-05,5.275788226e-05
7.078977961e-05,5.627061899e-05
6.78519353e-05,5.97515305e-05
6.568107518e-05,6.370273734e-05
0.0008548616317,6.749667783e-05
6.10643866e-05,7.171429247e-05
5.796447522e-05,7.525313338e-05
0.0001056264702,7.888537384e-05
5.267001459e-05,8.273858402e-05
5.070774854e-05,8.670279592e-05
0.0001582311296,9.060453247e-05
0.0001012914041,9.456975095e-05
0.0001542267662,9.904002702e-05
4.242369222e-05,0.0001031296179
4.042431894e-05,0.0001071135816
2.859174722e-05,0.0001114801096
3.710168248e-05,0.0001153414326
3.607867144e-05,0.0001192128219
3.352712268e-05,0.0001233816867
3.315024604e-05,0.0001276178998
3.27843801e-05,0.0001317412272
3.216765905e-05,0.000135594761
2.892540186e-05,0.0001393384714
2.709093892e-05,0.0001431644351
3.250071884e-05,0.0001473254123
3.274989814e-05,0.0001515378798
8.962138553e-05,0.0001559893469
3.488623415e-05,0.0001602804557
3.538062494e-05,0.0001644091927
3.642084981e-05,0.000168103703
3.894019036e-05,0.0001718264321
4.076402825e-05,0.0001755698678
4.529959603e-05,0.0001794116045
4.462226886e-05,0.0001830373038
4.642571073e-05,0.0001866430305
4.861800336e-05,0.0001901591348
5.049301689e-05,0.0001936612577
-1.721203731e-05,0.0001973693581
4.493305238e-05,0.0002013005809
5.605125915e-05,0.0002051959052
6.030022952e-05,0.0002088381463
6.268751005e-05,0.0002122395713
6.364639144e-05,0.0002157431039
5.936414302e-05,0.0002192838098
6.709897058e-05,0.0002228278894
7.210404209e-05,0.0002264830165
7.457622458e-05,0.0002299334068
7.727520622e-05,0.000233105008
7.987499615e-05,0.0002362723174
8.160748407e-05,0.000239581291
8.43961607e-05,0.0002429427814
8.733016576e-05,0.0002461492838
0.0007250094625,0.0002492586512
9.25203569e-05,0.0002523188096
9.500237111e-05,0.0002553353186
9.700950478e-05,0.0002584176251
0.0001812698467,0.0002615209799
0.0001011188521,0.0002643638946
0.0001035753253,0.0002673129854
0.0001073782593,0.000270256988
0.0001099568513,0.0002732032713
0.000112431379,0.0002759453904
0.0001142711916,0.0002786480233
0.0001172563185,0.0002813151155
0.0001197877877,0.0002837957144
0.000121927634,0.0002863268763
0.0002208279498,0.0002889053493
0.0003701264079,0.0002914450411
0.0001289704315,0.0002939534381
0.0001310858901,0.0002964200491
0.0001333854523,0.0002988829598
0.000136190904,0.0003012241576
0.0001383022527,0.000303550612
0.0001408026879,0.0003057618709
0.0002100668086,0.0003077186007
0.0005523789862,0.0003098554365
0.0001475707446,0.0003118630204
0.0001504918206,0.0003140028732
0.0001527477953,0.0003156234257
0.000155028702,0.0003177209821
0.0001572622558,0.0003194065055
0.0001593782127,0.0003209307827
0.0004927403576,0.0003226681956
0.0001603172652,0.000324265596
0.0001649970017,0.0003256514813
0.0001681498987,0.0003273481206
0.0001701768135,0.0003289013919
0.0001724137963,0.0003305754544
0.000581482243,0.000332088231
0.0001765690295,0.0003335779892
0.0001780458059,0.0003347584086
0.0001806873636,0.0003358729729
0.0001823982939,0.0003370071162
0.0001838332804,0.0003381549903
0.0001861258278,0.0003392700109
0.0001886707566,0.0003401683221
0.0001901383197,0.0003411667514
0.2621010306,0.000144095908
0.01501426977,0.0001490292836
0.08398912102,0.0001520335167
0.03737200206,0.0001551246254
0.04651591772,0.0001583358466
0.01822588763,0.0001617265402
0.03042646987,0.0001651019191
0.03957052429,0.0001685265146
0.006057255841,0.0001715711461
0.004166907412,0.0001746135167
0.007546579614,0.0001777024751
0.01842848753,0.0001815208515
0.007447767018,0.0001843163902
0.004114622824,0.0001873280106
0.008076650617,0.0001906078054
0.0002270468405,0.0001933526233
0.003347931812,0.0001964299646
0.002936179698,0.0001996099753
0.005545048475,0.0002025678959
0.0005145307457,0.000205674323
0.00943122592,0.0002085147572
0.0002431181522,0.0002111403486
0.004970203956,0.0002137156783
0.01396145014,0.0002166858556
0.007779988998,0.0002194836372
0.01524952014,0.0002222344543
0.0001878569944,0.0002249587388
0.004348018016,0.0002276136392
0.005979886588,0.0002299835846
0.001561365867,0.0002325557395
0.00301843123,0.0002352431358
0.0002542854017,0.0002378145582
0.003802154373,0.0002401824113
0.0002630337129,0.0002424972168
0.004592514712,0.000244886194
0.006633991356,0.0002472036563
0.0002724179941,0.0002494600587
0.002637420434,0.0002517601427
0.003784462653,0.0002539674456
0.0002781111646,0.00025612129
0.0002801138374,0.000258290634
0.0007484574991,0.0002603695404
0.0002809963279,0.0002623268308
0.0002828866327,0.0002644489872
0.002095961271,0.0002662399921
0.0002836425709,0.0002681365837
0.0002866080251,0.0002696886639
0.005692597931,0.0002717111496
0.01016350636,0.000273391154
0.0002954553056,0.0002749751616
0.0004936336443,0.0002768179226
0.005837732706,0.0002784442503
0.0002783060348,0.0002799162621
0.0002231903148,0.000281452075
0.0002936968364,0.0002829814924
0.001581920451,0.0002843520432
0.001378846032,0.0002856984022
0.006380022705,0.0002871214577
0.0002868455478,0.0002884037305
0.01081857636,0.0002896442072
0.003310512552,0.0002908390267
0.002598302137,0.0002920052941
0.0004406785288,0.0002930648654
0.0002998210807,0.0002940399019
0.0003151863547,0.0002950590971
0.003866438383,0.0002960932648
0.008753035027,0.0002969838832
0.001624629361,0.0002977052848
0.002475029077,0.0002984702585
0.003018641914,0.0002992711886
0.000322700811,0.0002999743521
0.0003196429048,0.000300604502
0.0004799205686,0.0003009597791
0.0003253420017,0.000301512278
0.001358108207,0.0003018757615
0.003134091242,0.0003023960313
0.005163562111,0.0003028284027
0.005890622647,0.0003032777147
0.002442059992,0.0003034169102
0.004961599854,0.0003037528765
0.002249910062,0.0003039603037
0.002964819157,0.0003038187891
0.007709733337,0.0003040000217
0.009616015491,0.000304044913
0.003111721437,0.0003038983166
0.0003393512855,0.0003042784835
0.006787690444,0.0003043676904
0.005431551091,0.0003048574297
0.003632194562,0.0003052046863
0.0003375894883,0.0003054006811
0.005175064812,0.0003058200448
0.0003452388256,0.0003061999415
0.0003404527354,0.0003067078665
0.00299433874,0.0003066953941
0.004379557426,0.000307650402
0.002606868462,0.0003084700567
0.0003469898609,0.000309598869
0.002648913134,0.0003085528981
0.0003457051413,0.0003095616326
0.004648165727,0.0003093409721
0.003629359793,0.0003100543381
0.0003438161743,0.0003122684239
0.006169803806,0.0003118890067
0.01091479536,0.0003096537692
0.002817510127,0.0003104358851
0.008506174299,0.0003112428116
0.002557634473,0.0003110545553
0.002492175923,0.0003169295409
0.001286882668,0.0003179390581
0.003488955222,0.0003184422375
0.0003498124465,0.0003162646532
0.002458458565,0.0003195191376
0.0003525855991,0.0003179344845
0.0003522322285,0.0003166671559
0.0003544423529,0.0003178825247
0.0003429617352,0.0003180182624
0.0003563497953,0.0003221969367
0.006463715391,0.0003276520388
0.00654630318,0.0003237265975
0.001769973178,0.0003244212057
0.003031595107,0.0003243020115
0.006697470582,0.0003274329025
0.007767581792,0.0003300483063
0.01118177209,0.0003293693089
0.0003562474998,0.0003321968014
0.005895954935,0.0003334249498
0.0003527868702,0.0003358174303
0.0003559385986,0.0003371481873
0.001422016986,0.0003397658729
0.01156434314,0.0003460055327
0.002901917861,0.0003436925676
0.0003562555146,0.0003435089362
0.0003511482636,0.0003459608409
0.002738453501,0.0003443958345
0.008798494292,0.0003433184083
0.00684687146,0.0003465202069
6.910945929,0.000263843019
0.974489803,0.0002623843416
0.3781943028,0.0002625888724
0.2032607267,0.000263311997
0.624884773,0.0002637817076
0.1160076403,0.0002638703867
0.1306242942,0.0002643579696
0.2290274059,0.0002646719678
0.02115860965,0.0002647238969
0.1746474688,0.0002653211462
0.04492244056,0.000265622913
0.05634067754,0.0002658158168
0.1457484439,0.0002656575579
0.06698301481,0.0002656985372
0.03060466956,0.0002660378909
0.1649392437,0.0002664642628
0.02793776615,0.0002665907047
0.1848582991,0.0002663759787
0.119997641,0.0002668539762
0.001647184138,0.0002672863155
0.1079860546,0.0002673610389
0.03639136187,0.0002679892511
0.0764972297,0.0002681226881
0.02465964978,0.0002677856845
0.03571838864,0.0002672506291
0.02820393901,0.0002679797776
0.0986674186,0.0002698926678
0.02357358635,0.0002698964441
0.1310214166,0.0002691132207
0.0007873812973,0.0002703517695
0.1432877339,0.0002706245046
0.07492507235,0.0002715514642
0.1709281397,0.0002711780917
0.0601973,0.0002728787014
0.1035020106,0.000275570312
0.005889006549,0.0002755213008
0.002527007173,0.0002759352122
0.0431126581,0.0002744606603
0.03522950184,0.0002746434674
0.1800437317,0.0002780048852
0.05962224536,0.0002755802001
0.0009143200859,0.0002767415685
0.1310890226,0.0002782639807
0.0003044170488,0.0002766690127
0.0219154181,0.0002801483861
0.02390138271,0.0002759858357
0.05125972934,0.0002800931261
0.01093433472,0.0002831773334
0.06750030833,0.0002810695963
0.03466790778,0.000279433812
0.01537266518,0.0002803006596
0.01093794606,0.0002825463071
0.0284869581,0.0002817925116
0.0004363699773,0.0002830294667
0.04403451409,0.0002858315681
0.004933272579,0.0002909864729
0.01387670325,0.0002953165733
0.01684477463,0.000293949751
0.009523975543,0.000292101131
0.01288828622,0.0002919568457
0.0005211417508,0.0002931970524
0.009368627574,0.0002943813602
0.0228795532,0.000294226303
0.0003034849144,0.0002953470628
0.01247195367,0.0002967264589
0.02194758633,0.0002974564721
0.01125810586,0.0003015246706
0.0003387828145,0.0003054640447
0.00949156329,0.0003075928302
0.01817842471,0.0003033145638
0.01795720849,0.0003009116958
0.03907361189,0.0003018086918
0.01584853654,0.0003002529303
0.01404217376,0.0003029117466
0.01638577555,0.00030975946
0.00826358037,0.0003165477592
0.0003084741709,0.0003165020502
0.0007310252982,0.0003180300536
0.000331769771,0.0003186611046
0.004731706237,0.0003154331466
0.005422563161,0.0003153506321
0.0002998941356,0.000315727541
0.004757058328,0.000315752985
0.0005888034671,0.0003155270772
0.007538745651,0.0003187726129
0.007827259108,0.0003220417539
0.007156779187,0.0003240448134
0.006365447611,0.0003263072393
0.0002994514512,0.0003281290223
0.0003154974963,0.0003307332405
0.01254827083,0.0003342945711
0.002097958537,0.0003353421129
0.000310456818,0.0003334436945
0.008251174508,0.0003302419072
0.000308421636,0.0003278782417
0.0003017003355,0.0003276632935
0.004336096246,0.0003319639396
0.006135578624,0.0003322675323
0.005674155004,0.0003359475438
0.004622926847,0.0003350837756
0.008636839655,0.0003338873986
0.004894901696,0.0003339420997
0.001425426348,0.0003306203773
0.01109749267,0.0003306904999
0.0002966381383,0.0003316242695
0.005124090418,0.000333166334
0.002070691624,0.000334374822
0.0002877768295,0.0003339688789
0.0002903955421,0.000336864105
0.0002886080994,0.0003384653824
0.001840526874,0.0003369539013
0.0007635033223,0.0003384847927
0.0002812990496,0.0003423557283
0.005960555766,0.0003433265252
0.004802217812,0.0003424145958
0.002408581237,0.0003397100557
0.004893037684,0.000336869041
0.0002749692183,0.0003359367653
0.0002713404615,0.0003366636486
0.0003749187193,0.0003371645295
0.0002709778674,0.0003381633268
0.004123422472,0.0003409224493
0.001664505298,0.0003424563795
0.00286262696,0.0003439168587
0.002483633827,0.0003433889172
0.003630017874,0.000343664477
0.001448823655,0.0003454677788
0.0002592925179,0.0003428811905
0.0002573802339,0.000341913212
0.0002554281582,0.0003426966651
0.0002572499007,0.0003447844561
0.0002507244698,0.000347123877
0.0002446862509,0.0003519103239
0.002696515404,0.000352553955
0.0003609923684,0.0003498802717
0.0008582332173,0.0003474493715
0.001374277188,0.0003443544467
0.1669730711,0.0002783155321
0.07318621579,0.0002663110942
0.1331085704,0.0002711799626
0.02329475103,0.0002705307619
0.03823519976,0.0002640471875
0.04529004207,0.0002651342812
0.0003935976297,0.0002705241857
0.0007140108754,0.0002712917294
0.05758329031,0.0002686334388
0.01285597529,0.0002738136753
0.01095891663,0.0002767184691
0.02419894523,0.00027375416
0.02135743611,0.0002762664569
0.01147296027,0.0002807656645
0.02027695354,0.0002832517375
0.003435713998,0.0002792758506
0.01184129729,0.0002777247215
0.002348736913,0.0002794871341
0.006761202728,0.0002872006464
0.0001934579588,0.0002863580768
0.0002092247518,0.0002855947024
0.005191322832,0.000284055532
0.009034103124,0.0002810136887
0.001402437021,0.000283313782
0.003139583807,0.0002918982049
0.004373467395,0.0002886667412
0.0002014484118,0.0002885760023
0.00777475597,0.0002853527606
