5.725620928,7.827503826
3.672453405,9.306088015
2.85028021,5.869696597
2.226251094,4.153378002
1.867122963,3.308137429
1.620111811,3.078640518
1.435462453,2.551494896
1.308748518,1.907747433
1.194057936,1.518483384
1.091955797,1.234471352
1.000639195,1.004844891
0.9200155953,0.8489360706
0.8507590464,0.7442995453
0.793487748,0.6242206127
0.7439752148,0.5402572528
0.7010077421,0.5025797179
0.663582174,0.4632668353
0.6295409275,0.4206779051
0.5976919428,0.4253016639
0.5693011957,0.3942832536
0.54355958,0.3466392597
0.5205871563,0.3301578252
0.4991896422,0.3040358476
0.4791304073,0.2715732342
0.4608815529,0.259089712
0.4434823413,0.2506435259
0.4271875368,0.2268863175
0.4123177619,0.2292405904
0.3986556607,0.2020795843
0.3856193616,0.1928750481
0.3736690121,0.189096699
0.3626489132,0.1849501007
0.3523114543,0.1728775388
0.3426109367,0.1741828733
0.3333247932,0.1761793763
0.324496268,0.1573348409
0.315821141,0.1567964972
0.3074788674,0.1469379039
0.299674007,0.132948857
0.2924814784,0.128963695
0.2855476627,0.1272973572
0.2789346024,0.1245884848
0.2726894873,0.1120857633
0.2667455838,0.1079169117
0.2610562306,0.1048625906
0.2556064171,0.1050822272
0.2504185433,0.0999751494
0.2454663398,0.09614873243
0.2406648868,0.08829470738
0.2360301364,0.08501649747
0.2316159655,0.08224970282
0.2273944189,0.08258782048
0.2232885216,0.08137872841
0.2193338323,0.07473888687
0.2155508505,0.07252645764
0.211900357,0.07149661161
0.2083597798,0.06689881907
0.2049319443,0.06439949705
0.2016150148,0.06343815796
0.1984132053,0.06164243334
0.1952859962,0.0574090771
0.1922431999,0.05407021384
0.1893084116,0.05304203292
0.1864560413,0.0524270344
0.1836756539,0.05068474539
0.1809572634,0.04984424548
0.1783173839,0.05031736626
0.1757575227,0.04910857412
0.1732755824,0.04807330065
0.170871986,0.04595804924
0.168543786,0.04509546999
0.1662614284,0.0436016682
0.1640296037,0.04168027922
0.1618469187,0.0405564388
0.159712373,0.03760392546
0.1576212349,0.03717539536
0.1555711938,0.03516992725
0.1535948235,0.03526789119
0.1516862394,0.03444902375
0.1498379814,0.03405270107
0.1480354161,0.03319670788
0.1462888643,0.03393669688
0.144582459,0.03185123911
0.1428968282,0.0311741275
0.1412468256,0.03056614663
0.1396250403,0.02954663109
0.1380421809,0.02745731912
0.136495356,0.02678451641
0.1349884249,0.02690723125
0.1335273188,0.02649638147
0.1321000884,0.02464997011
0.1306924883,0.02412154261
0.1293037182,0.02255068512
0.1279474596,0.02196919085
0.1266278193,0.02155580299
0.1253299201,0.02168154816
0.1240544406,0.0214412304
0.1228068401,0.02114093689
0.1215884731,0.01984849107
0.120398331,0.01910006298
0.1192298452,0.0183333494
0.1180839691,0.01838323685
0.1169560358,0.01751796288
0.1158457139,0.01697850884
0.1147515471,0.01627179206
0.1136784342,0.01547585775
0.1126279523,0.01521492684
0.1115992227,0.01529407417
0.11058685,0.01492829041
0.1095959969,0.01492957085
0.1086238653,0.01496753513
0.1076702834,0.01522882565
0.1067330506,0.01503193252
0.1058089497,0.01477872515
0.1049006286,0.01498623745
0.1040098003,0.01530219903
0.1031315407,0.01524978732
0.1022662898,0.01522551689
0.1014166568,0.01463508171
0.1005796497,0.01394941741
0.09975569926,0.01334567815
0.09894539306,0.01325980394
0.09814777791,0.01230166441
0.09736253755,0.01266130154
0.09658934986,0.01290685283
0.09582879484,0.01284483177
0.09507860547,0.01275485281
0.0943392808,0.0123617805
0.09361223619,0.01223196597
0.09289689706,0.01212410234
0.09219257764,0.01177318728
0.09149896708,0.01116194571
0.09081310974,0.01107163627
0.09013742086,0.01097326405
0.08947330852,0.01089094615
0.08881997466,0.01099773032
0.08817725437,0.0105500549
0.08754620183,0.01030338136
0.08692576005,0.01012448767
0.08631508454,0.01001440329
0.08571264726,0.01005236749
0.08511775655,0.009862741992
0.0845307012,0.009637678791
0.08395039916,0.009030101357
0.08337637138,0.00853858404
0.08281110877,0.008572540732
0.08225303657,0.008688434819
0.08170180953,0.008535376384
0.08115794716,0.008457371576
0.08062073423,0.008230884118
0.08008989579,0.007992156414
0.07956588422,0.007671369384
0.0790496255,0.007488319219
0.07854087352,0.00747288175
0.07803773267,0.007014973287
0.07754023081,0.006918256795
0.07704940186,0.007102788545
0.07656438937,0.007138034946
0.07608523233,0.007119339506
0.07561224722,0.007156079212
0.07514467068,0.007168713913
0.07468241166,0.007210601973
0.07422590125,0.007498226745
0.07377606497,0.007682543375
0.07333322816,0.007911943191
0.07289650558,0.007829244717
0.07246464379,0.00790474573
0.07203859054,0.008052235683
0.07161778668,0.008177626068
0.07120186793,0.008088252018
0.07079086017,0.007920257241
0.07038430365,0.007798639996
0.06998225765,0.007734420236
0.06958501834,0.007593523157
0.06919143814,0.007305683088
0.06880154626,0.007174044279
0.06841578484,0.007278749469
0.06803452929,0.007345382024
0.06765765918,0.007281677953
0.06728513554,0.007222347167
0.06691627452,0.007092960597
0.06655134404,0.006835988316
0.06619052171,0.006679173501
0.06583391932,0.006385876791
0.06548150706,0.006309613426
0.06513269609,0.006346946786
0.06478699602,0.006322123951
0.06444428751,0.006222630037
0.06410470618,0.006182053886
0.06376868064,0.006131742156
0.06343632432,0.006256276721
0.0631070923,0.006218336871
0.06278073741,0.006109286742
0.06245789451,0.005995140609
0.06213817231,0.006106188756
0.06182147435,0.006347848657
0.0615078921,0.00655526382
0.06119708617,0.00643419262
0.06088924065,0.006263677145
0.06058459159,0.006246204899
0.0602832489,0.006490531365
0.05998509306,0.006418493361
0.0596897081,0.006007359473
0.05939678195,0.005759131741
0.05910670146,0.005763308672
0.05881950036,0.00594059933
0.05853567534,0.00602592801
0.05825541635,0.005877957376
0.057978163,0.005566978867
0.05770346516,0.005439519074
0.05743152395,0.005449745721
0.05716224252,0.005651053189
0.05689531526,0.005739197708
0.05663072634,0.005832196061
0.05636874386,0.005990910372
0.05610988424,0.006064010487
0.05585392084,0.006027776488
0.05560048085,0.005897848771
0.05535001876,0.005817764894
0.05510186376,0.005734904564
0.054855408,0.006809475535
0.05461078659,0.008193279607
0.05436796138,0.00819498222
0.05412688578,0.008235630282
0.0538875412,0.00661784152
0.05365031048,0.006376316576
0.05341531893,0.006075296216
0.05318269174,0.007148786826
0.05295205224,0.007824972861
0.05272320286,0.007938199598
0.05249624593,0.008112647821
0.0522710856,0.007922573997
0.05204778446,0.009269191654
0.05182624587,0.01157796011
0.05160624647,0.01300401551
0.05138803211,0.01138048681
0.05117170234,0.01136754906
0.05095715872,0.009791059851
0.05074419426,0.009827534162
0.05053303891,0.008878649414
0.05032388447,0.007716579409
0.05011673051,0.007265929929
0.04991156724,0.007425706645
0.04970833854,0.00745738154
0.04950663232,0.006802085357
0.04930635644,0.005653914165
0.04910778732,0.005694190023
0.04891083144,0.005993482512
0.04871563035,0.006067088714
0.04852217658,0.006044266008
0.04833049552,0.005755793423
0.04814061654,0.005793398893
0.04795204086,0.005918824528
0.04776459289,0.005893559578
0.04757815925,0.005860148723
0.04739319257,0.006053778313
0.04720970449,0.006357349609
0.04702783689,0.006756638271
0.0468479963,0.006012657355
0.04667004539,0.005576414788
0.04649379596,0.005484057304
0.0463193804,0.005420826355
0.04614671209,0.005304036616
0.0459754253,0.005122808843
0.04580514384,0.004910353844
0.04563576117,0.004836237191
0.04546726669,0.00474896812
0.04529991338,0.004621479942
0.04513363966,0.004573464545
0.04496833599,0.004502327484
0.04480442616,0.004464029177
0.04464215644,0.004480690218
0.04448092259,0.004397900702
0.04432048165,0.004304578256
0.04416081835,0.004188444088
0.04400232415,0.004173627402
0.04384530686,0.004274207296
0.04368916718,0.004296880828
0.04353387288,0.004215208771
0.04337929574,0.004083813095
0.0432256009,0.003970914033
0.04307284653,0.003848797107
0.04292108145,0.003600013494
0.04277008596,0.003378503342
0.04262017498,0.003386776208
0.04247126368,0.003435597237
0.04232355702,0.003471790483
0.04217679449,0.003566394671
0.04203090191,0.003639985457
0.04188596147,0.003711115771
0.04174198769,0.003774472144
0.04159902603,0.003849657924
0.04145719001,0.003882159544
0.04131650044,0.003918034328
0.04117657667,0.004018543216
0.04103753905,0.004109111247
0.04089940671,0.00406884389
0.04076204817,0.004005303167
0.04062537814,0.003872571941
0.04048944606,0.003757926615
0.04035424118,0.003698120425
0.0402198769,0.003685602473
0.04008634524,0.003655349542
0.03995377524,0.003533593163
0.03982210152,0.003294214084
0.03969128438,0.003201503162
0.03956133851,0.00327686009
0.03943232426,0.003250013632
0.0393045325,0.003225035688
0.03917785346,0.003286188466
0.03905254057,0.003426517532
0.03892793464,0.003522508525
0.03880398331,0.003650570549
0.03868119332,0.003793761571
0.0385594783,0.003878645826
0.0384385938,0.003831009935
0.03831850357,0.003669312579
0.03819920001,0.003529366832
0.03808044444,0.003378409566
0.03796212559,0.003319792378
0.03784442577,0.00336906758
0.03772736509,0.003711946573
0.03761083674,0.003816684261
0.03749471908,0.004121733076
0.03737929661,0.004581510118
0.03726466393,0.005889000671
0.03715094565,0.007608422019
0.03703811489,0.009439520758
0.03692594473,0.01057872756
0.0368143684,0.01138776767
0.03670360356,0.0101818669
0.03659358565,0.00973697445
0.03648437804,0.009032428061
0.03637585253,0.009430757111
0.03626797007,0.009341695299
0.03616079191,0.008308302765
0.0360542491,0.006846970787
0.03594825937,0.005537552815
0.03584276131,0.005101906389
0.03573778055,0.005298471478
0.03563320514,0.006001573048
0.03552904666,0.005562747573
0.035425377,0.004932439666
0.03532219955,0.004886468141
0.03521945074,0.005402282026
0.03511725573,0.005329721111
0.0350156912,0.005497403665
0.03491486991,0.0058561087
0.03481467242,0.005764180328
0.03471512849,0.005061473268
0.03461626734,0.004831406225
0.03451812841,0.004328427544
0.03442083679,0.004125803851
0.03432413929,0.003793345307
0.03422806735,0.003501765611
0.03413249009,0.00354138657
0.03403746064,0.003511034582
0.03394296856,0.003390786709
0.03384901062,0.003287036648
0.03375560323,0.003220199524
0.03366281488,0.003218674775
0.03357072545,0.003224943253
0.03347924356,0.003129118328
0.03338818879,0.003058811068
0.03329762454,0.00311267052
0.03320768603,0.003106383618
0.03311840819,0.003043961383
0.03302967378,0.002977985263
0.03294142697,0.002960649166
0.03285361992,0.002933814474
0.03276608241,0.002939490708
0.03267890728,0.002932535191
0.03259210234,0.002901305991
0.03250573838,0.00288147418
0.03241985009,0.002903827611
0.03233428462,0.002950568029
0.03224904521,0.002971843188
0.03216416441,0.002916407704
0.03207964301,0.002838248981
0.03199542301,0.002772936235
0.03191158617,0.002689888767
0.03182825807,0.002564981706
0.0317452848,0.002445047732
0.03166267886,0.002414686894
0.03158043606,0.002428679016
0.03149872213,0.002393384995
0.03141740784,0.002337201219
0.03133655965,0.002270852808
0.03125605258,0.00217779469
0.0311760611,0.002084698595
0.03109660762,0.002054902599
0.03101769401,0.002042797326
0.0309394026,0.002138815134
0.03086160029,0.002231587235
0.03078408223,0.002298482874
0.03070677328,0.002245341464
0.03062972031,0.002193973539
0.030552886,0.002174756044
0.03047620698,0.002211450294
0.03039973898,0.002267658286
0.03032355954,0.002337298685
0.03024777283,0.002374537165
0.03017236019,0.002619623605
0.03009744547,0.002916547587
0.03002293112,0.002841662324
0.0299489077,0.002844426778
0.02987533163,0.002536246562
0.02980214726,0.002557355716
0.02972931646,0.002553784939
0.02965680707,0.002513551878
0.02958458039,0.002443041662
0.02951274856,0.002395725184
0.0294413406,0.002412536221
0.02937037163,0.002519510997
0.02929975534,0.002680247683
0.02922936807,0.002824195811
0.02915923281,0.002745627298
0.02908938053,0.003003522916
0.02901986475,0.002795448542
0.02895066518,0.002737716337
0.0288817905,0.002369602469
0.02881329633,0.002003962821
0.02874508537,0.002042238856
0.02867715937,0.002092372816
0.02860956854,0.002423377731
0.02854229423,0.00295863799
0.02847539943,0.003251773796
0.02840882388,0.003299781791
0.0283426058,0.003430464049
0.02827680078,0.003421809235
0.02821141618,0.003043088989
0.0281464808,0.0028044537
0.02808205259,0.002850879042
0.02801801031,0.002807222311
0.02795426679,0.003152444358
0.02789074596,0.003581272967
0.02782746026,0.003886943433
0.02776444947,0.004611690065
0.02770168732,0.004943115201
0.02763919891,0.005237898346
0.02757705135,0.005259791826
0.02751515703,0.00489132474
0.02745352854,0.004036343897
0.02739216496,0.003647807704
0.02733104937,0.003720729663
0.02727016586,0.003563774701
0.02720949271,0.003306992321
0.02714904435,0.003097350436
0.02708875697,0.003086952549
0.02702870329,0.003168974867
0.02696891147,0.002963803708
0.02690945268,0.00261960541
0.02685032544,0.002371799604
0.02679141835,0.002311814291
0.02673271142,0.002301423112
0.02667424458,0.002300577441
0.02661606434,0.002307267453
0.02655813117,0.002329153942
0.0265004675,0.00232892413
0.02644302769,0.002274773302
0.02638587025,0.002227547537
0.02632899544,0.002195966968
0.02627234926,0.002161552273
0.02621602424,0.002118437974
0.02615987632,0.002042437718
0.02610403152,0.001975383903
0.02604839672,0.001955025307
0.02599299282,0.001987569651
0.02593784412,0.002069266527
0.02588291226,0.002181770634
0.02582822855,0.002243028381
0.0257737714,0.002265625108
0.02571955921,0.002260238338
0.02566556401,0.00226330884
0.02561175201,0.002276208239
0.02555823135,0.002273980974
0.02550497364,0.002259408366
0.02545198412,0.002241492402
0.02539923862,0.002231788541
0.0253467529,0.002210023747
0.02529444035,0.0021919071
0.02524229899,0.002175613267
0.02519029914,0.002181003723
0.0251384882,0.002164949309
0.02508687716,0.002122545698
0.02503542141,0.002067986081
0.02498414959,0.002017380572
0.02493308964,0.001983684118
0.02488227073,0.001965393381
0.02483165729,0.00210999045
0.02478124922,0.002475835495
0.02473104249,0.002789236899
0.02468103475,0.002967096251
0.02463124483,0.002988341414
0.02458161117,0.002888611574
0.02453218625,0.002600203434
0.02448295534,0.002367757761
0.02443387966,0.002452235716
0.02438499045,0.002247986674
0.02433623142,0.002042594151
0.02428764562,0.00203913658
0.02423922421,0.002125001479
0.02419100102,0.002478027581
0.02414301591,0.002929703178
0.02409526398,0.003334592888
0.02404767199,0.003709562516
0.02400024244,0.003728136727
0.02395296692,0.003674875106
0.02390588394,0.003191001784
0.02385896306,0.003047892724
0.02381221774,0.003087305032
0.02376561974,0.002717628846
0.02371918686,0.002574104561
0.02367291644,0.002256488014
0.02362683933,0.002127472677
0.02358096867,0.001885620004
0.02353527542,0.001823712996
0.02348971473,0.001778477051
0.02344435515,0.001792966881
0.02339920352,0.001612540288
0.02335424071,0.001554177416
0.02330947077,0.001557424774
0.0232648645,0.001570931198
0.0232204009,0.001646893849
0.02317613886,0.001644513744
0.02313208126,0.001737899602
0.02308819884,0.001778341486
0.02304452803,0.001853237136
0.02300108445,0.001852098368
0.02295785127,0.001834933519
0.02291484602,0.001812221071
0.02287207645,0.001821217416
0.0228294848,0.001845278962
0.02278705255,0.001856912225
0.02274475396,0.001861005266
0.02270261163,0.0019568832
0.02266064912,0.002049980101
0.02261880807,0.002125136111
0.02257705903,0.002234474682
0.02253551253,0.002203790312
0.02249407609,0.002148188702
0.02245280492,0.001947945483
0.02241167703,0.001943343525
0.02237070974,0.001709449311
0.02232983192,0.001667667641
0.02228907477,0.001622221849
0.0222484291,0.001594537501
0.0222079082,0.001532082328
0.02216759692,0.001495749959
0.0221274332,0.001487951029
0.02208741626,0.001517587505
0.02204757663,0.001551825896
0.02200788077,0.001573606776
0.02196830165,0.00161656898
0.0219288629,0.001646533099
0.02188958457,0.001683492226
0.02185041766,0.001718048718
0.02181137334,0.001717531195
0.02177241448,0.001774065779
0.02173361978,0.001818432983
0.02169493753,0.001852545006
0.02165637415,0.001873871135
0.02161787385,0.001901034815
0.02157945751,0.001921774417
0.02154110791,0.001906168969
0.02150288001,0.001870932463
0.02146475532,0.001847210655
0.02142678442,0.001838441892
0.0213889642,0.001842641498
0.02135128968,0.001852492255
0.02131379536,0.001873547727
0.02127647517,0.00186872605
0.02123932406,0.001848351466
0.02120234109,0.001817226799
0.02116555897,0.00178211212
0.02112897604,0.00174967736
0.02109254399,0.001740748115
0.02105625598,0.001751259807
0.02102007583,0.001760850046
0.02098397586,0.001739102557
0.02094796001,0.001747126576
0.02091208759,0.001767087525
0.02087636904,0.001765770832
0.02084079995,0.001736073098
0.02080542984,0.001726474623
0.02077008862,0.001741558764
0.02073493775,0.001927254913
0.02069991182,0.002147618797
0.02066494973,0.002114710805
0.02063006627,0.001769481963
0.02059525831,0.00153311683
0.02056055544,0.001470101252
0.02052595906,0.001366648945
0.02049146325,0.001289533022
0.02045708142,0.001406764876
0.02042283253,0.001536826891
0.02038867146,0.001628251082
0.02035461842,0.001873556294
0.02032071416,0.00216575798
0.02028691292,0.002215336927
0.02025320972,0.002092165576
0.02021960207,0.0019875812
0.02018608485,0.001850052468
0.02015268477,0.001623411589
0.02011943018,0.001585696081
0.02008622828,0.001839516856
0.02005313675,0.001850136745
0.02002013611,0.001756700056
0.01998722288,0.001744452588
0.01995440029,0.001586835659
0.01992169331,0.001349595644
0.01988911561,0.00120963774
0.01985665877,0.001200270229
0.01982432727,0.001203942535
0.01979208623,0.001202463397
0.01975996622,0.001219440493
0.01972795679,0.001251984917
0.01969606327,0.001294599949
0.01966429802,0.001353587837
0.01963267705,0.001404315269
0.01960119284,0.001435459143
0.01956978068,0.00145785696
0.01953849262,0.001476431686
0.0195073113,0.001486510614
0.01947621527,0.001496220775
0.01944522972,0.0015056968
0.01941433016,0.001506674997
0.01938351555,0.001507424241
0.01935278606,0.001515826102
0.01932213334,0.001511134025
0.01929155869,0.001499567788
0.019261061,0.001489554451
0.01923067322,0.00146813618
0.01920037938,0.001422066061
0.01917017806,0.001363580658
0.01914011504,0.001296194375
0.01911015306,0.001223308934
0.01908026292,0.001147885822
0.01905046208,0.001094411261
0.01902077224,0.001076911551
0.01899118345,0.001071581865
0.01896169715,0.001075267438
0.01893230537,0.001106646892
0.01890302015,0.001142346644
0.01887384599,0.00119917791
0.01884474682,0.001248721843
0.01881578557,0.001284581886
0.01878688876,0.00131731794
0.01875805524,0.001351011819
0.01872931598,0.001379360669
0.01870063371,0.00143280049
0.01867200863,0.001460428496
0.01864344942,0.001467832685
0.01861495209,0.001482442737
0.01858656978,0.001498983602
0.01855828302,0.001514765985
0.01853011458,0.001518535281
0.01850204886,0.001506660531
0.01847405416,0.001475823684
0.01844613498,0.001450177241
0.01841829575,0.001434307062
0.01839055077,0.001432877747
0.01836290928,0.001449824078
0.01833536266,0.001458669915
0.0183078996,0.001468574671
0.01828052696,0.001482292185
0.01825322363,0.001499517036
0.01822601137,0.001515296483
0.01819886368,0.001518486204
0.01817178649,0.001510492635
0.01814476584,0.001499740999
0.01811780247,0.001477329933
0.01809091845,0.001453812647
0.01806413607,0.001443255484
0.01803741475,0.00151807348
0.01801077065,0.001610016724
0.01798420036,0.001608604648
0.0179577064,0.001748126301
0.0179312843,0.002014822885
0.01790497557,0.001940863681
0.01787875226,0.00175930714
0.01785263643,0.001685329309
0.01782660821,0.001634434239
0.01780065977,0.001502848042
0.01777474948,0.001469954944
0.01774893593,0.001413168648
0.0177231628,0.00134033893
0.01769744759,0.001223222003
0.01767179966,0.001162760294
0.01764622158,0.001109101401
0.01762071267,0.001060685297
0.01759531552,0.001033648171
0.01757001092,0.001009808667
0.01754479595,0.001001941701
0.01751965161,0.001019096134
0.01749457,0.001108910469
0.01746955002,0.001140756206
0.0174445967,0.001175371068
0.01741970744,0.001242648413
0.01739491303,0.001220497184
0.01737017979,0.001216765221
0.01734552722,0.001237509422
0.01732094921,0.00126688155
0.01729642041,0.001295447884
0.01727198823,0.0013220555
0.01724760043,0.001329416574
0.01722332225,0.001337932326
0.01719909255,0.001333563726
0.01717492217,0.00133617855
0.01715082527,0.001326972464
0.01712679488,0.001319633537
0.01710281626,0.001308814738
0.017078861,0.001298928118
0.01705501823,0.001305714957
0.01703120865,0.001315584448
0.01700746651,0.001321254727
0.01698378604,0.001317436312
0.01696016082,0.001299229112
0.0169366033,0.001272231955
0.01691309061,0.001241411088
0.01688962132,0.001205803751
0.01686619777,0.001159340382
0.01684282291,0.001116920632
0.01681949795,0.001098010917
0.01679623197,0.001086030482
0.01677301541,0.001067536548
0.01674990656,0.001060649143
0.01672686957,0.001054130842
0.01670387049,0.001054658693
0.01668100496,0.001062278225
0.01665816915,0.001063612396
0.01663539178,0.001071531144
0.01661260338,0.001080405768
0.01659006704,0.001077820775
0.01656751086,0.001069961475
0.01654501001,0.001059519695
0.01652255977,0.001041134249
0.01650019076,0.00103119261
0.01647786656,0.001045230256
0.0164555886,0.001051692411
0.01643335787,0.001056433823
0.01641121082,0.001070199149
0.01638912502,0.001096086198
0.01636709732,0.001130181413
0.01634513057,0.001184269523
0.01632321585,0.001211885411
0.01630138508,0.001242891359
0.01627963471,0.001282270477
0.01625796447,0.001319728604
0.0162363618,0.001343742993
0.01621484416,0.001352370976
0.01619337937,0.001382631517
0.01617197399,0.001404812695
0.01615064222,0.001401501742
0.01612935856,0.001392961915
0.01610815934,0.001393319554
0.01608700494,0.001387098953
0.0160658888,0.001369878862
0.01604480794,0.001352878254
0.01602375833,0.001345225435
0.01600277782,0.001325905503
0.01598181264,0.001303139647
0.0159608838,0.001291391204
0.01593997126,0.001301341312
0.01591910947,0.001340936621
0.01589829756,0.001423243826
0.01587754234,0.001497199379
0.01585683446,0.001542736435
0.01583619054,0.001640738217
0.01581561132,0.001627162301
0.01579508227,0.001525422015
0.01577458094,0.001540351171
0.01575412944,0.001599584753
0.01573374741,0.001681556312
0.01571342493,0.001676895862
0.01569318166,0.001642943131
0.01567302708,0.001545605627
0.01565293803,0.001421074649
0.015632902,0.001352839578
0.01561292306,0.001345917381
0.01559302378,0.001327625646
0.0155731638,0.001266808493
0.01555334097,0.001253435877
0.01553356246,0.001234824717
0.01551383342,0.001199628023
0.01549415184,0.001161088784
0.01547454199,0.001124759769
0.01545497188,0.001092928945
0.01543545776,0.001074503872
0.01541598269,0.001063568432
0.01539655197,0.001057008902
0.01537717527,0.001066198176
0.01535784448,0.001092518231
0.01533855485,0.001132243143
0.01531930313,0.001169259646
0.01530011599,0.001191567308
0.01528098477,0.001221469223
0.01526189323,0.001241608083
0.0152428654,0.001238949249
0.01522387783,0.001244565884
0.01520493157,0.001215588255
0.0151860338,0.001160247881
0.01516720181,0.001125413895
0.01514842067,0.001094238802
0.01512968905,0.00105671844
0.01511099043,0.001017265529
0.01509232197,0.0009920076035
0.01507369327,0.0009723175805
0.01505510755,0.0009505406372
0.01503655762,0.000945703579
0.01501804845,0.0009592580266
0.01499957953,0.0009805410284
0.01498117174,0.001008085863
0.01496280631,0.00103125284
0.01494449078,0.001044508478
0.01492623135,0.001046727361
0.01490801534,0.001057978792
0.01488984234,0.001060458463
0.01487171322,0.001058550272
0.01485364384,0.001050491992
0.01483559085,0.001032654819
0.01481758091,0.001003395895
0.01479958003,0.0009778525052
0.01478161467,0.0009619408144
0.01476368072,0.000946623476
0.01474578338,0.0009468174319
0.01472792814,0.0009618432829
0.01471011038,0.0009773128472
0.01469231652,0.0009917873296
0.01467459645,0.001001896515
0.01465689642,0.001012151014
0.01463924472,0.001022586167
0.01462163329,0.001031369781
0.01460406655,0.001048005278
0.01458655317,0.001070680697
0.01456908408,0.001142597762
0.01455166748,0.001171451684
0.01453428892,0.001118202446
0.01451697191,0.001109174697
0.01449969386,0.001125674245
0.01448245719,0.001177690132
0.01446525572,0.001264325983
0.01444809351,0.001368106132
0.01443098502,0.001445254607
0.01441391718,0.001504332053
0.01439689463,0.001527178593
0.01437992323,0.001499497064
0.01436299975,0.001480230132
0.01434613111,0.001445951251
0.0143292987,0.001407112131
0.01431252428,0.001394437892
0.01429580519,0.001401261155
0.01427912226,0.001434060987
0.01426246896,0.001495075423
0.01424588169,0.001535388853
0.0142293086,0.001579558708
0.01421277612,0.00156880416
0.01419627284,0.001529970723
0.01417980078,0.001548215093
0.01416335442,0.001599701317
0.01414692753,0.001653111726
0.01413053076,0.001738778298
0.0141141503,0.001813782547
0.01409781531,0.001914450251
0.0140814994,0.001955864412
0.01406522134,0.001990264714
0.01404897919,0.00203353979
0.01403278195,0.0020515921
0.01401663907,0.001960792187
0.0140005434,0.00188050913
0.01398451157,0.001803870754
0.01396852426,0.0017114038
0.01395261148,0.001695573976
0.01393673336,0.001637784471
0.01392090462,0.001495852725
0.01390512207,0.001348309361
0.01388938312,0.001253243196
0.01387367901,0.001247725338
0.01385800509,0.001226823252
0.01384235862,0.001197244562
0.0138267171,0.001175259283
0.01381111865,0.001158693099
0.01379554478,0.001146836278
0.01378000398,0.001135240249
0.01376450109,0.001118079962
0.0137490264,0.001093792451
0.01373360271,0.001074605724
0.01371822127,0.001055053021
0.01337162849,0.001044045547
0.0136875606,0.001039535832
0.01367231174,0.001041543744
0.01365708832,0.001053787773
0.01364189778,0.001062617401
0.01362674001,0.001069097816
0.01361161262,0.001071398489
0.01359651029,0.001063123723
0.01358142108,0.001044813146
0.01356635124,0.001020497022
0.01355128872,0.0009948571981
0.01353626961,0.0009712849719
0.01352126577,0.0009477737085
0.0135062831,0.0009303924658
0.01349132922,0.0009210722257
0.01347640484,0.0009220113264
0.01346149687,0.0009318026677
0.01344661193,0.0009547502683
0.01343175079,0.0009789172122
0.01341692843,0.001003649078
0.01340213272,0.001029059328
0.01338738675,0.001039862067
0.01337268234,0.001042659137
0.01335801604,0.001029955388
0.01334337009,0.001008538137
0.01332879705,0.0009751764299
0.01331422918,0.0009523473031
0.01329968526,0.0009261673747
0.01328516613,0.0009036342326
0.01327066441,0.0008816312974
0.01325620949,0.0008843322054
0.01324176146,0.0008997313413
0.01322734521,0.0009201811718
0.01321295766,0.0009442034966
0.0131985934,0.0009727789158
0.0131842508,0.0009961686894
0.01316996585,0.001012269789
0.01315570592,0.001018507521
0.01314145673,0.001121311342
0.0131273061,0.001252335439
0.01311315711,0.001395838762
0.01309904548,0.001647612024
0.01308496422,0.001833610791
0.01307091706,0.002007030848
0.01305689696,0.002105228643
0.01304291439,0.002152980338
0.01302897158,0.002245544057
0.01301505864,0.002361740109
0.01300118029,0.002348272111
0.01298733883,0.002383802786
0.01297352587,0.002458859554
0.01295973281,0.002507650414
0.0129459569,0.002498398535
0.01293220725,0.002435992863
0.01291848302,0.002353148816
0.01290478531,0.00223341977
0.01289113402,0.002222400166
0.01287749965,0.002120104428
0.01286389938,0.002016750738
0.01285033569,0.001881204569
0.01283679842,0.001707080614
0.0128233004,0.001477997528
0.01280983618,0.001327819189
0.01279639962,0.001266720159
0.01278298676,0.001256327621
0.01276961012,0.00125550286
0.01275624725,0.001199908535
0.01274291943,0.001175092005
0.012729625,0.001168256558
0.01271636501,0.00117109248
0.01270314977,0.001158445788
0.01268997418,0.001146904369
0.01267684749,0.001133619028
0.01266376802,0.001121528092
0.0126507211,0.001106022279
0.01263770458,0.001083481452
0.01262470909,0.001060370309
0.01261175324,0.001037300795
0.01259882984,0.00101086936
0.012585927,0.0009779400432
0.01257304644,0.0009530325471
0.01256018028,0.000933092902
0.01254733241,0.000915074183
0.01253449506,0.0009174413529
0.01252165896,0.0009251362054
0.01250884497,0.0009384306827
0.01249604152,0.0009506367453
0.01248325857,0.000971417642
0.01247049761,0.0009828545854
0.01245774643,0.0009704941508
0.01244500888,0.0009481920093
0.01243228745,0.0009261397063
0.01241958738,0.0009065907372
0.01240689915,0.0008943893837
0.01239425047,0.0008954203336
0.01238164213,0.0009104770281
0.01236904252,0.0009379485412
0.0123565257,0.0009764799237
0.01234402083,0.001014714154
0.01233152652,0.001049951365
0.01231906892,0.00107571313
0.01230661606,0.001093673886
0.01229417086,0.001084214623
0.0122817544,0.00106936447
0.01226936093,0.001052044971
0.01225697304,0.001040208899
0.01224462504,0.001060945337
0.01223228944,0.001097946685
0.01221997891,0.001110326462
0.01220770198,0.001175989938
0.01219544101,0.001163094444
0.01218320789,0.001111945741
0.01217101386,0.00107183979
0.01215882084,0.001049556211
0.01214670523,0.001025816727
0.01213460064,0.0009893980429
0.01212253082,0.0009433149103
0.01211049207,0.0009105107279
0.01209848089,0.000879278565
0.01208651341,0.0008483527372
0.01207456658,0.0008282698785
0.01206265768,0.0008183019494
0.01205074524,0.0008126851244
0.01203889011,0.0008156002741
0.01202702926,0.0008717136814
0.01201518697,0.0009577753953
0.01200336864,0.001002117024
0.01199157348,0.001029016213
0.01197980471,0.001067107218
0.01196805827,0.00111822757
0.01195632851,0.001206653221
0.01194461578,0.001291453452
0.01193293193,0.001324049577
0.01192125752,0.001395699267
0.01190959933,0.001442197554
0.01189795776,0.001403530277
0.01188633951,0.001430003072
0.0118747432,0.001550616132
0.01186317369,0.001654486411
0.01185162244,0.001770365926
0.01184007967,0.001858099013
0.01182857689,0.001814478833
0.0118170833,0.001794284627
0.01180561414,0.001783479627
0.01179417905,0.001712985874
0.01178276154,0.001551662657
0.01177138834,0.00141199463
0.01176002761,0.001344758646
0.01174871101,0.001174339898
0.01173739757,0.001073094983
0.01172612152,0.00102896842
0.01171486556,0.0009541173027
0.01170364551,0.0009076356961
0.01169245231,0.0009014079621
0.01168128802,0.0008997289036
0.01167015014,0.0009004120378
0.011659028,0.0009083692107
0.01164792388,0.0009238934559
0.01163684989,0.0009490394794
0.01162579416,0.0009756426476
0.01161475702,0.001006971029
0.01160373951,0.001037542189
0.0115927367,0.001067341915
0.01158175295,0.001095035157
0.01157079015,0.001116545352
0.01155984405,0.001131167493
0.01154891958,0.001137447154
0.01153801682,0.001127766849
0.0115271357,0.001106185395
0.01151626765,0.001081812566
0.01150545547,0.001048633703
0.01149465084,0.001018376368
0.01148385984,0.0009957080947
0.01147310084,0.000980766631
0.01146234795,0.0009652864132
0.01145160981,0.0009450231522
0.01144091472,0.0009338937212
0.01143023497,0.0009187623954
0.0114195691,0.0009014886945
0.01140891674,0.0008745886834
0.01139829059,0.0008482475291
0.01138767336,0.0008291453062
0.01137707173,0.0008192062439
0.01136647952,0.0008164122175
0.01135589751,0.0008156018629
0.01134531402,0.000817840746
0.0113347516,0.0008316640007
0.01132422356,0.0008525928549
0.01131369165,0.0008730924709
0.01130316476,0.0008882640352
0.01129266857,0.0008991528701
0.01128218174,0.0009066753339
0.01127170606,0.000910491256
0.01126126047,0.0009116850309
0.01125082768,0.0009121090312
0.01124044327,0.0009145241265
0.01123007521,0.0009249235341
0.01121975942,0.0009451455463
0.0112094579,0.0009647916517
0.01119917471,0.0009828648166
0.01118891013,0.001002474315
0.01117865927,0.001024605283
0.01116841029,0.001043766707
0.01115818825,0.001058753008
0.01114797623,0.001074091285
0.01113778462,0.001085522162
0.01112761677,0.001088264137
0.01111747465,0.001077705276
0.01110735097,0.001058234232
0.01109725411,0.001040226977
0.01108717417,0.001018331351
0.01107709208,0.0009901792108
0.0110670571,0.0009569668772
0.01105702099,0.0009311956913
0.01104699695,0.0009013510851
0.0110370083,0.0008654277537
0.011027041,0.0008229071688
0.01101710382,0.0007899170894
0.01100718536,0.000754267345
0.01099727933,0.0007144631591
0.01098740099,0.0006715833091
0.01097753359,0.0006355033479
0.01096768253,0.0006066709952
0.01095784597,0.0005993073242
0.01094802354,0.0006079081263
0.01093821162,0.0006415282746
0.01092838452,0.0006991055831
0.01091861779,0.0007532834894
0.01090885822,0.0007966482014
0.01089909821,0.0008692344685
0.01088935034,0.0008771137512
0.01087961546,0.0008752322005
0.0108698973,0.0009083064617
0.01086019891,0.0009603559502
0.01085051453,0.000922972374
0.01084084764,0.000942457909
0.01083120372,0.0009109158245
0.01082158217,0.0009505266714
0.01081197768,0.0009135131573
0.0108023866,0.0008829175685
0.01079281464,0.000873562705
0.01078326417,0.0008407085265
0.0107737322,0.0008362294347
0.01076424143,0.0008485581698
0.01075474316,0.0008489834468
0.01074526314,0.0008526111408
0.01073579467,0.0008868758559
0.0107263694,0.0008835291746
0.01071695192,0.0008546521183
0.01070755103,0.0008311080929
0.01069816582,0.0008036996073
0.01068881008,0.0007854653891
0.01067946822,0.0008111050576
0.01067014062,0.0008291632141
0.01066086129,0.0008423055104
0.01065159399,0.0008576600856
0.01064233836,0.0008705057034
0.01063308463,0.0008762501928
0.0106238689,0.0008721745906
0.01061464631,0.0008652383486
0.01060543364,0.0008617707419
0.0105962345,0.000865903015
0.01058705235,0.0008774862156
0.01057787997,0.0008918379465
0.01056872043,0.000908125402
0.01055956961,0.0009334555364
0.01055044554,0.000958327738
0.01054134181,0.0009764223693
0.01053223965,0.0009866178461
0.01052315613,0.0009845691857
0.01051409337,0.0009758812581
0.01050503808,0.0009557138712
0.01049599647,0.0009344417962
0.01048694718,0.0009088644428
0.01047792633,0.0008905988834
0.01046889447,0.0008758043709
0.01045989391,0.0008635935702
0.01045090539,0.0008513643039
0.01044193396,0.0008448926197
0.01043298083,0.0008440003846
0.01042405574,0.0008443845915
0.01041513777,0.0008461010901
0.0104062674,0.0008405996945
0.01039739888,0.0008259406466
0.0103885418,0.000806156765
0.01037968933,0.0007831846651
0.01037084491,0.0007713545394
0.01036200642,0.0007695422792
0.01035319283,0.0007793780638
0.01034438803,0.0007966060655
0.01033560305,0.0008206214976
0.01032683931,0.0008414452018
0.01031809759,0.0008647622072
0.01030937181,0.000907113152
0.01030065598,0.0009626004869
0.01029194731,0.001033929543
0.01028325805,0.00109139239
0.01027457772,0.001123703388
0.01026591289,0.001160818692
0.01025726064,0.001164999425
0.01024861644,0.001181266179
0.01023997915,0.001187145274
0.01023136797,0.001183810475
0.0102227663,0.001150691118
0.01021417624,0.001117973504
0.01020561105,0.0010778856
0.01019705475,0.001061558453
0.01018851056,0.00108352437
0.01017999521,0.00109162802
0.01017148648,0.001099214605
0.01016299579,0.001129073135
0.0101545344,0.001103410231
0.01014608513,0.001031566511
0.01013764651,0.0009851543999
0.01012922802,0.0009534843062
0.0101208202,0.0009080179646
0.01011243629,0.0008505284037
0.01010406764,0.0007936720117
0.01009571282,0.0007121501567
0.01008736352,0.0006798707937
0.01007903861,0.0006535128146
0.01007072037,0.0006328445834
0.01006241723,0.0006170893922
0.01005413313,0.0006064100483
0.01004586425,0.0006027116503
0.01003761778,0.0006089519363
0.01002938703,0.0006291098324
0.01002117526,0.0006546780961
0.01001298604,0.0006811357222
0.01000481254,0.0007028660988
0.009996653087,0.0007282167424
0.00998851101,0.000753680513
0.009980380727,0.0007783261233
0.009972257326,0.0007994620387
0.009964165646,0.0008073321556
0.009956074807,0.0008072899115
0.009948003183,0.000799655947
0.009939948275,0.0007888193712
0.009931894934,0.0007667138455
0.009923858149,0.0007359088729
0.00991582121,0.0007048230132
0.009907785907,0.0006793775055
0.009899772561,0.0006587792031
0.009891760615,0.000640862644
0.009883756919,0.0006227193628
0.009875740001,0.0006011825866
0.009867758151,0.0005919039283
0.009859778087,0.0005907454113
0.009851784247,0.0005978920677
0.009843834808,0.0006149322289
0.009835873958,0.0006303362005
0.009827938444,0.0006467573226
0.009820015182,0.0006635454064
0.00981210424,0.0006869274662
0.009804203262,0.0007145973276
0.00979631733,0.0007435498104
0.009788455193,0.0007751274065
0.009780594091,0.0008059028031
0.009772739534,0.0008313143288
0.009764782529,0.0008537008375
0.009757075928,0.0008712507477
0.009749268684,0.0008836177268
0.009741484645,0.0008892598357
0.009733710872,0.0008890404093
0.009725946506,0.0008863146499
0.009718198668,0.0008873403292
0.009710456784,0.0008898455652
0.009702724592,0.0008963010555
0.009695000884,0.0009025689407
0.009687293068,0.0009087667582
0.009679599675,0.0009124604844
0.00967190643,0.0009166875449
0.009664249635,0.0009186005606
0.009656592267,0.000919164657
0.009648947039,0.000924643343
0.00964131665,0.0009361368869
0.009633701494,0.0009597916418
0.009626101338,0.001010611543
0.009618514981,0.001093033851
0.009610943993,0.001167927205
0.009603386,0.001250450766
0.009595842294,0.00129944362
0.009588308599,0.001312234375
0.00958078855,0.001288014562
0.009573280713,0.001298608726
0.009565782847,0.001327049554
0.009558298547,0.001372453743
0.009550822661,0.001458376891
0.009543354648,0.001510405005
0.009535845519,0.001557665724
0.009528457222,0.001614925977
0.00952101308,0.001595501668
0.009513592372,0.001559382927
0.009506176291,0.001552212685
0.009498771341,0.001533901913
0.009491372439,0.001517751811
0.009483994149,0.001494969256
0.009476617421,0.00145732981
0.009469261847,0.001438632059
0.009461908857,0.001420400774
0.009454567652,0.001370433454
0.009447235168,0.001299108483
0.009439920002,0.001195834395
0.009432634381,0.001090317305
0.009425351678,0.001011058981
0.00941809237,0.0009727337126
0.009410841067,0.0009629399627
0.009403610362,0.0009614561908
0.009396392452,0.000955399228
0.009389188431,0.0009423311588
0.009381997272,0.000923548561
0.009374822488,0.000898116615
0.009367658968,0.0008632619371
0.009360513699,0.0008248368928
0.009353383043,0.0007809408103
0.009346263205,0.0007366493899
0.009339151392,0.0006988865356
0.009332046634,0.0006772991277
0.009324948279,0.000666325828
0.009317863062,0.0006673517681
0.009310771426,0.0006728805668
0.009303698812,0.0006740483161
0.009296623242,0.0006695779909
0.009289552499,0.0006638507841
0.009282494794,0.0006544325065
0.009275450174,0.0006402054452
0.009268414007,0.0006267376899
0.00926138779,0.0006162964978
0.009254375196,0.00061033471
0.009247372074,0.0006101916602
0.009240378671,0.0006189793677
0.009233395346,0.0006351005474
0.00922642073,0.0006542194307
0.009219460481,0.0006751859002
0.009212504774,0.0006928165318
0.009205547334,0.000704719057
0.009198612003,0.0007091152858
0.009191688492,0.0007066373379
0.009184760847,0.0006993960041
0.00917784349,0.0006880867506
0.009170925152,0.0006779204895
0.009163969007,0.0006718680698
0.009157095742,0.0006827037033
0.009150194555,0.0007100688506
0.009143291791,0.0007492403605
0.009136401837,0.000775793461
0.009129521153,0.0007807130554
0.009122658292,0.0007874728957
0.009115668164,0.0007871981678
0.009108950243,0.0007651786675
0.009102132617,0.000739898413
0.009095319033,0.0007336066869
0.009088404052,0.0007330919624
0.009081738047,0.0007362943837
0.00907496788,0.0007457450516
0.009068214046,0.0007599981889
0.00906147297,0.0007746292712
0.009054739318,0.0007897759906
0.00904802039,0.0008085812898
0.009041311391,0.0008285867646
0.009034609132,0.000845356805
0.009027917181,0.0008683458537
0.009021237985,0.0008939577236
0.009014572208,0.0009332537502
0.009007918263,0.0009923436682
0.00900127657,0.001038997323
0.008994646684,0.001071593486
0.008988029963,0.001045462531
0.008981425655,0.001058508796
0.008974830775,0.00108811502
0.008968245844,0.001105934872
0.008961669289,0.001106293856
0.008955099419,0.001127794995
0.008948540234,0.001120327776
0.00894198994,0.001125780673
0.008935447848,0.001112882759
0.008928916985,0.001110429133
0.008922393692,0.001165611756
0.008915876893,0.001254956912
0.008909369507,0.001327479293
0.008902867568,0.001371800152
0.008896376142,0.00140044399
0.008889895664,0.001402288224
0.008883418947,0.001384989641
0.008876969385,0.001372423946
0.008870516435,0.001348153779
0.00886408064,0.001307902447
0.008857652909,0.0012740324
0.008851227598,0.00121598869
0.008844813995,0.001149350896
0.008838400973,0.001055538545
0.008831986779,0.0009804859829
0.008825593952,0.0008937902598
0.008819201127,0.0008266044509
0.008812808295,0.0007976934319
0.008806319385,0.0007931949926
0.008800070749,0.0008069049477
0.008793711921,0.0008353201568
0.00878736058,0.0008631737232
0.008781013127,0.0008911241293
0.008774695106,0.0009229229803
0.008768373878,0.0009467049529
0.008762080134,0.0009502608822
0.008755786327,0.0009449319767
0.00874951322,0.0009324374534
0.008743242811,0.0009150962986
0.008736999059,0.0008921050999
0.008730757696,0.0008697300451
0.008724528516,0.0008442606376
0.008718307099,0.0008164278394
0.008712099141,0.0007907612776
0.008705898639,0.0007634772305
0.008699704838,0.0007366509207
0.00869351488,0.0007048884067
0.00868734037,0.0006684259966
0.008681160036,0.0006282693408
0.008674997201,0.0005888097764
0.008668829851,0.0005502311446
0.008662674383,0.0005172982366
0.008656526333,0.0004959478743
0.008650383643,0.0004870851707
0.008644245705,0.0004935982247
0.008638109106,0.0005128848655
0.008631993243,0.0005422573011
0.008625872791,0.0005747313038
0.008619775115,0.0006055044887
0.008613666998,0.0006323967858
0.00860759046,0.0006528362691
0.008601504597,0.0006652430354
0.008595437522,0.0006769001695
0.008589373074,0.0006999387454
0.008583315483,0.0007225816861
0.008577267866,0.0007541168858
0.008571229197,0.0007869443713
0.008565207497,0.0008045908469
0.008559196113,0.0008137738163
0.008553192584,0.0008434184091
0.008547199211,0.0008886393904
0.008541215331,0.00091695779
0.008535237065,0.0009223878947
0.008529264676,0.0009102557784
0.008523295234,0.0009058287732
0.008517357399,0.0008984723871
0.008511415506,0.0009124939342
0.008505471959,0.0009258627267
0.008499568374,0.0009091095132
0.008493652874,0.0008691552795
0.00848776171,0.0008318969731
0.008481869796,0.0008255765572
0.00847598752,0.0008438213246
0.008470108874,0.0008780299775
0.008464240182,0.0009145494588
0.008458378656,0.0009488732688
0.008452519511,0.0009431694222
0.008446670007,0.000952924301
0.0084408277,0.000944752087
0.008434991736,0.0009022721553
0.008429162123,0.0008577070578
0.008423348087,0.0008306939954
0.008417537145,0.0008001414962
0.008411729584,0.0007752257936
0.008405927238,0.0007982070288
0.008400131948,0.0008162684529
0.008394336926,0.0008353784001
0.008388558915,0.0008798637728
0.00838277336,0.0009091743409
0.008377008764,0.0009310541836
0.008371256042,0.0009570033444
0.008365506765,0.0009760230174
0.008359777496,0.0009633065025
0.008354054109,0.000960849518
0.008348337742,0.0009375748496
0.008342636805,0.0009444187751
0.008336940032,0.0009569839624
0.008331253958,0.0009592877804
0.008325577194,0.0009588580802
0.00831990918,0.000962736452
0.008314246525,0.000949014042
0.008308592089,0.0009441243254
0.008302938232,0.0009322021232
0.008297301132,0.0009090126518
0.008291677944,0.0008942495987
0.008286060067,0.0008696446363
0.008280450831,0.0008498649927
0.008274849414,0.0008142919424
0.008269253562,0.0007675757471
0.008263683535,0.0007291532388
0.008258107841,0.0007084761492
0.008252547159,0.0006975061136
0.008246989374,0.0006969560886
0.00824143426,0.0007003664039
0.008235896985,0.0007080213983
0.008230361965,0.0007150728627
0.008224830669,0.0007241786905
0.008219299025,0.0007360527385
0.008213784081,0.0007505907218
0.008208265334,0.0007684367839
0.008202757037,0.0007904828745
0.00819649229,0.0008093754699
0.008191748757,0.0008257067609
0.008186254991,0.000839323172
0.008180762244,0.0008496457007
0.00817526924,0.0008569959316
0.008169795793,0.000861810971
0.008164319201,0.0008621919216
0.008158855259,0.0008583149817
0.008153394899,0.000850954261
0.008147940559,0.0008407955684
0.008142493918,0.0008282222286
0.008137052023,0.0008131497347
0.008131613937,0.0007958494936
0.008126182071,0.0007798608138
0.00812076223,0.0007625632149
0.008115344116,0.0007452640189
0.008109930284,0.0007280525066
0.008104533356,0.0007138298336
0.008099092825,0.0006954729561
0.008093756436,0.0006761396023
0.008088380459,0.0006555033971
0.008083015427,0.0006344868921
0.008077654152,0.000616944032
0.008072314269,0.0006056625565
0.008062696667,0.0006011493341
0.00806164385,0.000601379514
0.008056320341,0.0006058699465
0.008051009905,0.0006123765117
0.008045698109,0.0006222724011
0.008040397391,0.0006427035144
0.008035108392,0.0006822587986
0.008029821584,0.0007497937715
0.008024538132,0.0008595237222
0.008019258802,0.000971063856
0.008013979095,0.001090097299
0.008008709801,0.001198138462
0.008003157057,0.00123343974
0.007998197468,0.001342354328
0.007992949191,0.00143654024
0.007987701345,0.00146813388
0.007982468728,0.001486625771
0.007977249723,0.001479746989
0.007972035001,0.001485975247
0.007966832782,0.001459220416
0.007961627994,0.001445675622
0.00795644251,0.00144594738
0.007951264274,0.001409577802
0.007946091723,0.001321188948
0.007940925743,0.001260409756
0.007935761806,0.001215014531
0.007930598441,0.001193864783
0.007925444292,0.001260432266
0.007920287023,0.001178617629
0.007915131543,0.001110151665
0.007909979668,0.001125352108
0.007904829598,0.001025405123
0.007899696174,0.0009254506766
0.007894536714,0.0008402026592
0.007889460595,0.0007562620185
0.007884356373,0.0006806250598
0.007879225144,0.0006686951287
0.007874180895,0.0006752986973
0.00786911657,0.0006861083337
0.007864062458,0.0007036476106
0.007859007185,0.0007212658537
0.007853958492,0.000737869764
0.007848905062,0.0007598793905
0.007843871715,0.0007820603447
0.007838837186,0.0007939132543
0.007833818034,0.0007989515438
0.007828799908,0.0008154194398
0.00782378158,0.0008222607808
0.007818782408,0.0008317097936
0.007813785054,0.0008401844325
0.007808809356,0.0008469798294
0.007803817844,0.0008495871064
0.00779884634,0.0008525812292
0.007793883456,0.000846975639
0.007788922403,0.000828938114
0.007783965635,0.0008074942934
0.007779014939,0.0007820797256
0.007774070628,0.0007596712708
0.007769129456,0.0007364981045
0.007764193597,0.0007096951072
0.007759251336,0.0006876380342
0.007754323316,0.0006667178772
0.007749394192,0.000646810431
0.007744470865,0.0006283152763
0.007739547809,0.0006154571297
0.007734634513,0.0006072559011
0.00772969985,0.0006064533112
0.007724805256,0.000609403646
0.007719892597,0.0006197125663
0.007714985405,0.0006403650923
0.007710081767,0.0006681232511
0.007705182705,0.0006944460942
0.007700293243,0.0007208944199
0.007695407779,0.0007488694545
0.007690530038,0.0007769149864
0.007685662332,0.0008030621623
0.007680798101,0.0008245018729
0.007675948173,0.000836646615
0.007671095845,0.0008434572191
0.007666245869,0.0008438159779
0.007661394429,0.0008421329588
0.007656558856,0.0008372193346
0.007651717942,0.0008280561736
0.007646881378,0.0008160517164
0.007642071742,0.0008015898976
0.00763725157,0.0007805290098
0.007632442042,0.0007568564766
0.007627647822,0.000732076649
0.00762285724,0.0007027358993
0.007618080921,0.0006796078418
0.007613320136,0.0006619542574
0.0076085647,0.0006490708238
0.007603798374,0.0006389475245
0.007599083993,0.0006279700557
0.007594359959,0.0006164869958
0.007589629053,0.0006042571686
0.007584927457,0.0005930352636
0.007580215808,0.0005944502661
0.00757551808,0.0006237864216
0.00757082239,0.0006950894714
0.007566125275,0.0007660716949
0.007561436411,0.0008098776731
0.007556756719,0.0008538128844
0.007552078616,0.0008563341672
0.007547399592,0.0008559321556
0.007542739266,0.0008698970676
0.007538081884,0.0008927586883
0.007533423969,0.0008693403236
0.007528788178,0.000847305514
0.007524153875,0.0008040614571
0.007519530121,0.0007621473897
0.007514910048,0.0007402754534
0.007510297193,0.0007518833847
0.007505691799,0.0007877627683
0.007501091904,0.0008269411738
0.007496496431,0.0008386734632
0.007491902835,0.0008179541959
0.007487315367,0.0008033786385
0.007482732916,0.0008145509198
0.007478155739,0.0008357033431
0.007473582676,0.0008087008771
0.007469017024,0.0007818309394
0.007464458368,0.0007154149257
0.007459906964,0.000651307781
0.00745536431,0.0006219953026
0.007450823699,0.0006116358087
0.007446300577,0.0006000929868
0.007441786967,0.0005933539622
0.007437273563,0.000589765859
0.007432765709,0.0005839091689
0.00742826858,0.0005732102572
0.007423770904,0.0005596732053
0.007419276583,0.0005454132696
0.00741478628,0.0005296107517
0.00741029803,0.0005173963345
0.007405811876,0.0005110483336
0.00740132777,0.000513897132
0.007396846797,0.0005259060392
0.007392369653,0.0005448101653
0.007387892126,0.0005649948594
0.007383428313,0.0005866077405
0.007378963437,0.0006085590597
0.007374503879,0.0006288792756
0.00737004896,0.0006495747126
0.007365599323,0.0006725248256
0.007361155831,0.000696251194
0.007356714903,0.0007192465053
0.007352286695,0.0007404795028
0.007347859991,0.0007557593161
0.007343427872,0.0007645072876
0.007339006471,0.0007635314469
0.007334589895,0.0007571078492
0.007330173446,0.0007482227552
0.007325753211,0.0007362952428
0.007321343192,0.0007248770989
0.007316947766,0.0007167980584
