0.973921068 0.4930267488 2.451472178e-06
0.8320839519 0.4679509383 0.0007821533459
0.7826857862 0.444018922 0.00081751163
0.3768194759 0.3026666455 0.005874098363
0.04571410975 0.1064090564 0.009350556019
0.01661556338 0.04473825643 0.006179348068
0.009939285305 0.02759165407 0.003936539332
0.003119151354 0.01724081558 0.002720007949
0.002729891652 0.01236145941 0.001932659209
0.002706498358 0.009214041107 0.001571267857
0.001149487359 0.007775750979 0.001148560013
5.557799493e-05 0.006375696884 0.0009675454102
0.0004123231213 0.005641928193 0.0008205315183
0.0004789880706 0.004918881284 0.0006979951154
0.0003362774709 0.004058963301 0.0006290781811
0.000256914157 0.003484151222 0.0005572278437
3.404479159e-05 0.003278385265 0.0004538182169
6.042629425e-05 0.00291257243 0.0003987193041
0.0002898692363 0.002486292098 0.0003675938699
0.0003389471021 0.00232269219 0.0003128790831
0.0001970473223 0.002039464866 0.0002935905634
1.783561149e-05 0.001975623019 0.0002557700446
0.0003315241101 0.0017317362 0.0002428180062
0.0001280400722 0.001573587749 0.0002278085051
0.0001421565007 0.001357333663 0.000215816884
0.0001424024464 0.001810471001 0.0001681062658
0.0002615106796 0.001706275327 0.0001478783748
0.000304812972 0.001744412997 0.0001359630505
0.0001197548246 0.00168049128 0.0001212073936
7.891213653e-05 0.001585736794 0.0001165230261
2.54714136e-05 0.001461883415 0.0001151261872
9.151385215e-06 0.001366112609 0.000108556695
0.0001428566729 0.001260354644 0.0001058177608
8.039885471e-05 0.001286856862 9.209596618e-05
2.062196412e-05 0.001174106258 9.215490323e-05
5.849573278e-05 0.001133975736 8.566399207e-05
2.064795535e-05 0.001164577556 7.506301174e-05
4.501236129e-05 0.001104926415 7.392817541e-05
2.905830741e-05 0.001001390097 7.507632083e-05
3.981162116e-08 0.0009528585213 7.151143014e-05
7.629759058e-05 0.0009437716025 6.628632062e-05
1.783209655e-05 0.0009078313989 6.347351495e-05
1.114427459e-05 0.0009068082087 5.554024238e-05
1.850582441e-05 0.0008087419472 5.763992483e-05
1.774316071e-05 0.0007847824656 5.50105783e-05
2.581356773e-05 0.0007477920564 5.393028448e-05
4.601690189e-05 0.0006827913494 5.357569295e-05
1.689321238e-05 0.0007102306588 4.581312033e-05
2.345706707e-05 0.0006894883244 4.361566114e-05
2.210115305e-05 0.0006168487802 4.458596981e-05
6.047736046e-06 0.0005606240011 4.541844946e-05
2.121680572e-06 0.000553075262 4.344504934e-05
4.489222026e-05 0.000562047111 4.02432538e-05
5.912339579e-05 0.000558010542 3.805334958e-05
5.528415993e-05 0.0004911049867 3.863241088e-05
4.214410804e-05 0.0004297887034 4.107539426e-05
2.686927828e-06 0.0003871782273 4.174574743e-05
4.6800569e-05 0.0003952110407 3.839739671e-05
2.979380054e-05 0.0003907944035 3.760949077e-05
1.106400337e-05 0.0003657906083 3.893742304e-05
3.783301084e-06 0.000335454054 3.871657646e-05
1.864133832e-05 0.000361012374 3.550536067e-05
2.921675189e-05 0.0003830896897 3.142140335e-05
8.146599075e-06 0.0003546386437 3.304607196e-05
1.582185951e-05 0.0003174325632 3.565156676e-05
2.148443845e-05 0.0003162507152 3.328563924e-05
9.976024034e-06 0.0003395997538 2.94383467e-05
1.997640205e-05 0.0003052885424 3.152922923e-05
4.655450486e-06 0.0003138038457 2.998652186e-05
2.805953778e-05 0.000292928952 3.055571657e-05
3.354085858e-05 0.0002992160017 2.744642025e-05
3.84491852e-05 0.000301559068 2.573129709e-05
2.74990398e-05 0.0002738427802 2.684997531e-05
8.744453484e-06 0.000272510076 2.503724834e-05
7.619055249e-06 0.0002302677371 2.723519819e-05
1.578217076e-05 0.0002155289572 2.762107631e-05
1.248533356e-05 0.0002484579426 2.327580127e-05
1.074276297e-05 0.0002631859935 2.028408413e-05
1.574210018e-05 0.0002353846431 2.287822813e-05
1.482856091e-05 0.0002265801404 2.224227421e-05
1.618177806e-05 0.0002230153245 2.176468935e-05
2.159990288e-05 0.0002162319691 2.150182084e-05
3.55185947e-05 0.0002123857077 2.07937325e-05
4.67088653e-06 0.000204760591 2.058918965e-05
2.216324484e-06 0.0001890543515 2.100424927e-05
1.365159539e-05 0.000178922578 2.143758906e-05
1.012603814e-05 0.0001855035626 1.991635214e-05
1.577698993e-06 0.000200509221 1.721954921e-05
1.166058271e-05 0.0001915004768 1.822510188e-05
1.560673675e-05 0.0001728466665 1.936944912e-05
2.246898061e-05 0.0001788578534 1.817184736e-05
1.424841674e-05 0.0001758717459 1.779741564e-05
2.539356484e-06 0.0001751595616 1.704434862e-05
3.580766127e-06 0.0001595049198 1.782736624e-05
1.356841185e-05 0.0001655978298 1.70170733e-05
3.502365674e-07 0.0001618110357 1.608478557e-05
1.929838298e-05 0.0001613099597 1.571617065e-05
2.107574287e-05 0.0001656130742 1.493550372e-05
1.151217418e-05 0.0001698639904 1.392261193e-05
1.103274796e-05 0.0001521458108 1.540211954e-05
1.567631259e-05 0.000148601287 1.553958725e-05
1.265099594e-05 0.0001387931933 1.605114369e-05
6.653734251e-06 0.0001400268707 1.545354726e-05
5.539317111e-06 0.0001452186717 1.444498805e-05
6.354191213e-06 0.0001531516624 1.301218009e-05
1.252924967e-05 0.0001422467894 1.387884368e-05
2.273399696e-05 0.0001390926525 1.360087795e-05
2.457533132e-05 0.0001315238294 1.389981429e-05
6.647761776e-06 0.0001244840371 1.440352772e-05
4.516482141e-06 0.0001230295406 1.405498439e-05
5.911247847e-06 0.0001288339421 1.305763186e-05
2.707829658e-06 0.0001236698738 1.303446217e-05
1.042712483e-05 0.0001280344969 1.231454289e-05
1.05501895e-06 0.0001447742318 1.267988941e-05
9.063391708e-06 0.0001229901267 1.059338321e-05
5.397956566e-06 8.693959673e-05 9.349705115e-06
3.275324786e-06 7.623813408e-05 8.878907633e-06
9.121346675e-06 7.247660195e-05 9.157053432e-06
6.118257552e-06 7.412571751e-05 8.567074937e-06
8.170282052e-07 6.897968765e-05 8.870991041e-06
2.344300842e-06 6.610411703e-05 8.873502759e-06
6.779779168e-07 6.825903513e-05 8.424853045e-06
5.797336573e-06 6.10321761e-05 8.652148125e-06
1.009476884e-05 6.188025872e-05 8.255127288e-06
1.191403642e-05 5.817987671e-05 8.601444823e-06
6.995760532e-06 5.698596476e-05 8.538426835e-06
1.566006351e-06 5.716380341e-05 8.091772168e-06
5.176745674e-06 6.129610347e-05 7.161120199e-06
2.588621294e-06 5.813689655e-05 7.404358158e-06
3.756854788e-07 6.287854173e-05 6.771288277e-06
4.838323072e-07 6.152521645e-05 6.824319545e-06
1.330850693e-06 5.657636224e-05 7.296263927e-06
2.423042577e-06 5.950645835e-05 6.562431215e-06
4.556898208e-06 5.964515799e-05 6.346713738e-06
1.083006136e-05 5.475590333e-05 6.868124492e-06
1.392769219e-05 5.462251935e-05 6.716731882e-06
7.63307487e-06 5.410815824e-05 6.710005286e-06
4.085588978e-07 4.898517678e-05 7.082937057e-06
1.976991309e-06 5.254294702e-05 6.48336163e-06
4.07508253e-06 4.986808192e-05 6.688559947e-06
5.432568624e-06 4.554000472e-05 6.876194321e-06
1.297173609e-06 4.318370419e-05 7.04875676e-06
1.620342021e-06 4.551929494e-05 6.77109108e-06
3.99602866e-06 4.87728993e-05 6.449681221e-06
6.119973618e-06 5.049660693e-05 6.122013066e-06
4.700278909e-06 5.024998487e-05 5.990029358e-06
4.743389874e-06 5.106132846e-05 5.727924061e-06
6.148555948e-06 4.995679191e-05 5.726176016e-06
8.390233358e-06 4.698583099e-05 6.176319186e-06
8.395702638e-06 4.523803265e-05 6.32987812e-06
6.261412885e-06 4.580528666e-05 6.085024908e-06
6.483636692e-06 4.720820286e-05 5.748246965e-06
4.525555825e-06 4.803992636e-05 5.568887153e-06
2.891521451e-06 4.594066779e-05 5.847165392e-06
3.724092408e-06 4.59235624e-05 5.779758039e-06
2.405106487e-06 4.810904108e-05 5.358126729e-06
1.773457319e-06 4.898361538e-05 5.139041967e-06
2.323455499e-06 4.88632974e-05 5.079460606e-06
5.625908008e-08 4.963947553e-05 4.845127627e-06
1.357551974e-06 4.895066001e-05 4.921373818e-06
2.137671344e-06 4.540892601e-05 5.275025454e-06
3.487514231e-06 4.257567242e-05 5.567742983e-06
2.575587154e-06 4.316008583e-05 5.384294937e-06
1.225717295e-06 4.33838781e-05 5.352071653e-06
3.632152992e-07 4.085785751e-05 5.597202575e-06
3.320044417e-07 3.636809572e-05 5.959119349e-06
9.490189466e-07 3.932662e-05 5.529743088e-06
8.600466079e-07 4.470615111e-05 4.762471036e-06
1.218577334e-06 4.22665613e-05 5.099832146e-06
3.586958765e-06 3.885907389e-05 5.471591206e-06
4.813664285e-06 3.970466791e-05 5.428886542e-06
2.376394299e-06 4.012120513e-05 5.309724774e-06
2.594566273e-06 4.081580602e-05 5.131628836e-06
6.510422447e-06 4.327956332e-05 4.807629611e-06
6.514913355e-06 4.323552708e-05 4.797284169e-06
3.696563249e-06 4.250749695e-05 4.788010542e-06
2.836791032e-07 4.168332685e-05 4.911602922e-06
4.368921405e-07 4.007852314e-05 5.052777811e-06
7.719525518e-08 3.904925707e-05 5.125053236e-06
2.36534074e-06 3.835408533e-05 5.113309803e-06
3.251412593e-06 3.826582459e-05 5.053506587e-06
4.544793768e-06 3.791701332e-05 5.090158192e-06
5.110835564e-06 3.596554561e-05 5.23640062e-06
4.914924668e-06 3.49699501e-05 5.324861961e-06
3.858052536e-06 3.80357343e-05 4.924045171e-06
3.302116245e-06 3.900183042e-05 4.701610803e-06
1.460816844e-06 3.727049336e-05 4.827166828e-06
2.103406107e-07 3.534879203e-05 4.980850922e-06
8.470166648e-07 3.488932358e-05 5.001616972e-06
2.878587997e-06 3.50759542e-05 4.965916955e-06
5.083381941e-06 3.437409596e-05 5.011001573e-06
6.38823064e-06 3.183246697e-05 5.232310813e-06
5.791271014e-06 3.022252492e-05 5.335094655e-06
3.253484535e-06 3.149941999e-05 5.217883297e-06
1.969619534e-07 3.549479129e-05 4.814562227e-06
2.587336056e-06 3.896075184e-05 4.379601919e-06
3.471240005e-06 3.985609138e-05 4.176166721e-06
1.627917341e-06 4.061064965e-05 3.985106481e-06
1.2072274e-06 4.11547761e-05 3.82334973e-06
2.183232428e-06 4.010381258e-05 3.874464013e-06
2.438030083e-06 3.833289554e-05 4.080397526e-06
2.069730731e-06 3.706585848e-05 4.27930473e-06
9.308807625e-07 3.652654704e-05 4.370883751e-06
6.621448486e-07 3.712696879e-05 4.281465956e-06
1.13904641e-06 3.658221052e-05 4.266863803e-06
2.218455851e-06 3.413101052e-05 4.515706864e-06
2.100089181e-06 3.144809213e-05 4.749553831e-06
9.317201807e-07 3.312377384e-05 4.538928247e-06
1.531077981e-06 3.499421067e-05 4.256340022e-06
3.119871559e-06 3.408087789e-05 4.337094268e-06
3.678358939e-06 3.401616315e-05 4.285175911e-06
2.424493541e-06 3.407108286e-05 4.157754588e-06
2.023914046e-06 3.306112987e-05 4.302766977e-06
1.841773152e-06 3.365925376e-05 4.221739244e-06
1.810148163e-06 3.397175267e-05 4.146226216e-06
2.800709181e-06 3.448951011e-05 3.93816403e-06
1.956285742e-06 3.581260307e-05 3.661931402e-06
9.82835332e-07 3.505133606e-05 3.770917817e-06
6.130944861e-07 3.479753001e-05 3.788471319e-06
2.250815529e-06 3.463305596e-05 3.818800985e-06
2.512557194e-06 3.313565921e-05 4.033192689e-06
4.542185443e-07 3.207618116e-05 4.131280686e-06
4.073843565e-07 3.222540199e-05 4.092863938e-06
6.957671667e-07 3.179149457e-05 4.0615261e-06
1.899778596e-06 3.103828386e-05 4.078138155e-06
2.301148245e-06 3.227774283e-05 3.890712161e-06
3.103538086e-06 3.346338175e-05 3.742033554e-06
4.825169872e-06 3.162228789e-05 3.921918538e-06
4.590453446e-06 2.955186497e-05 4.119623328e-06
3.767064148e-06 2.981290107e-05 4.166784698e-06
3.83589997e-06 2.95928897e-05 4.204121493e-06
3.427377892e-06 2.91439666e-05 4.120888655e-06
2.011650167e-06 2.753337992e-05 4.205648596e-06
1.898466354e-06 3.284304766e-05 4.018662012e-06
4.375206549e-06 4.864324896e-05 3.769231839e-06
6.691525934e-06 6.203850679e-05 3.436876307e-06
8.507256931e-06 6.651979413e-05 3.311600891e-06
7.038594886e-06 6.922295149e-05 3.189341067e-06
5.335845916e-06 7.228593315e-05 2.999003796e-06
3.870728408e-06 7.530537061e-05 2.863185523e-06
5.306687922e-06 7.793402816e-05 2.711758175e-06
6.088316794e-06 7.996282897e-05 2.504453483e-06
7.028787739e-06 8.055717824e-05 2.402835873e-06
4.989068722e-06 8.062315795e-05 2.440121806e-06
2.191014532e-06 7.864893712e-05 2.529671175e-06
2.28848652e-06 7.857897501e-05 2.483505508e-06
3.358845487e-06 7.927350158e-05 2.41961161e-06
7.152524895e-06 7.822480762e-05 2.445016093e-06
9.92239801e-06 7.603102328e-05 2.517357267e-06
1.16659956e-05 7.102787947e-05 2.688802118e-06
1.033839291e-05 6.670856436e-05 2.806020765e-06
7.450797046e-06 6.585709845e-05 2.839682188e-06
4.196047267e-06 6.510903036e-05 2.900847538e-06
7.632924866e-07 6.29696535e-05 2.988782184e-06
2.648957758e-06 6.465832858e-05 2.911763604e-06
6.86424146e-06 6.786843684e-05 2.716459424e-06
1.155104808e-05 6.903916633e-05 2.643633035e-06
1.276346619e-05 7.364816828e-05 2.451011708e-06
1.097103238e-05 7.5708001e-05 2.326432311e-06
1.130272944e-05 7.337917507e-05 2.378358755e-06
1.032384477e-05 6.829780468e-05 2.559309844e-06
9.511703657e-06 6.275825452e-05 2.744101391e-06
7.192091848e-06 6.079627242e-05 2.798698528e-06
3.948584871e-06 6.256930306e-05 2.726423521e-06
8.623054844e-07 6.337487756e-05 2.665045838e-06
3.217709232e-06 6.542756677e-05 2.574183947e-06
4.7611721e-06 6.773740202e-05 2.489923866e-06
1.603537608e-06 6.649345907e-05 2.570965889e-06
1.535648471e-06 6.293325907e-05 2.674972959e-06
2.526506787e-06 6.085797153e-05 2.742126318e-06
2.782243976e-06 6.097962937e-05 2.702265516e-06
2.279947448e-06 6.191900351e-05 2.602149448e-06
1.260795795e-06 6.243605035e-05 2.578453645e-06
4.333294212e-07 6.117157995e-05 2.656284395e-06
1.538592156e-06 6.251138585e-05 2.532068886e-06
4.608177407e-06 6.182050664e-05 2.530104751e-06
8.120160726e-06 5.743451711e-05 2.657568266e-06
8.075293074e-06 5.478728382e-05 2.725709251e-06
7.548860209e-06 5.571194909e-05 2.678974616e-06
6.567631358e-06 5.933994899e-05 2.515581696e-06
4.531651801e-06 6.11456279e-05 2.429339527e-06
3.153260987e-06 6.238608622e-05 2.357129032e-06
2.705353076e-07 5.951480116e-05 2.446980608e-06
7.843361854e-07 6.003465253e-05 2.341047016e-06
2.400467174e-06 6.206600906e-05 2.255900986e-06
1.866582069e-06 6.472930986e-05 2.105012017e-06
9.983672476e-07 6.739265421e-05 1.934235746e-06
1.470985353e-06 6.601166017e-05 1.989214888e-06
4.68765196e-07 6.245605852e-05 2.128482043e-06
1.135409815e-06 5.993337379e-05 2.183331042e-06
1.929902439e-06 5.82274078e-05 2.202704046e-06
4.335993894e-06 5.785335977e-05 2.227238688e-06
5.296628061e-06 5.967106735e-05 2.139839434e-06
4.737754135e-06 5.953534707e-05 2.15505224e-06
5.233665171e-06 5.573848581e-05 2.32363737e-06
5.772991951e-06 5.190211426e-05 2.384662391e-06
3.578791418e-06 5.075588493e-05 2.389478395e-06
3.255395995e-06 5.287925575e-05 2.283223538e-06
2.647699644e-06 5.70935498e-05 2.10900561e-06
7.017872571e-07 5.670533017e-05 2.130809818e-06
2.120162896e-06 5.098762518e-05 2.328500417e-06
3.19544354e-06 4.689248513e-05 2.441783604e-06
4.502135299e-06 4.693793065e-05 2.405579557e-06
4.602635714e-06 4.961074174e-05 2.30621764e-06
3.538804107e-06 5.13257485e-05 2.217189606e-06
2.061011936e-06 5.123154791e-05 2.186571913e-06
1.981156903e-07 5.265726487e-05 2.076955076e-06
2.905566119e-06 5.52009352e-05 1.957687061e-06
1.766878983e-06 5.297467865e-05 2.070562232e-06
2.42330095e-06 5.224667061e-05 2.109962069e-06
4.316966613e-06 5.456511312e-05 2.000152168e-06
4.658115039e-06 5.509381007e-05 1.995769257e-06
6.303698737e-06 5.273623517e-05 2.101162632e-06
8.375274952e-06 4.739175933e-05 2.255024404e-06
8.684901204e-06 4.263136993e-05 2.351754273e-06
7.258481247e-06 4.404894899e-05 2.29699415e-06
6.846560835e-06 5.070094579e-05 2.083504869e-06
2.976887589e-06 5.067821711e-05 2.062476635e-06
5.27809106e-07 4.801566466e-05 2.099907516e-06
1.29751859e-07 4.825621382e-05 2.014183385e-06
1.983399772e-07 4.985757446e-05 1.886662315e-06
1.253495212e-06 4.839038901e-05 1.967338736e-06
2.465591597e-06 4.570413864e-05 2.028774368e-06
5.727377412e-06 4.451681421e-05 2.030076803e-06
6.921102307e-06 4.458370034e-05 2.009274536e-06
7.15456555e-06 4.780635679e-05 1.83345064e-06
4.96089556e-06 5.065622862e-05 1.651274197e-06
4.584073673e-06 5.074158104e-05 1.627654501e-06
5.369274342e-06 4.948933406e-05 1.697951794e-06
2.280697547e-06 4.812078794e-05 1.728453414e-06
1.171180836e-07 4.760255654e-05 1.725213789e-06
1.630381379e-06 4.790842252e-05 1.690826108e-06
1.513255992e-06 4.715541277e-05 1.695300821e-06
1.970510376e-07 4.801630812e-05 1.650249797e-06
4.19105038e-07 4.88264852e-05 1.629709384e-06
1.749405586e-06 4.622195987e-05 1.739403815e-06
2.810696294e-06 4.257548324e-05 1.872467335e-06
4.786504184e-06 3.984070987e-05 1.936788459e-06
5.93263006e-06 3.858281261e-05 1.945188799e-06
5.378886211e-06 4.108517933e-05 1.842617696e-06
3.34577801e-06 4.311202944e-05 1.736440566e-06
2.153181267e-06 4.074268313e-05 1.810868354e-06
1.074168795e-06 4.020705979e-05 1.816325272e-06
3.325071445e-07 4.195368425e-05 1.716837543e-06
3.720206714e-07 4.420822835e-05 1.564745506e-06
2.648106946e-06 4.40009698e-05 1.53052637e-06
2.583396959e-06 4.168261383e-05 1.607081258e-06
1.648302002e-06 3.979999266e-05 1.679155885e-06
7.782895769e-07 4.106753609e-05 1.649578052e-06
7.480523763e-08 4.271966792e-05 1.603786951e-06
8.995822565e-07 4.146601947e-05 1.642840496e-06
9.620220421e-07 3.992413909e-05 1.680705178e-06
2.68799905e-06 3.779989764e-05 1.733948839e-06
4.891326115e-06 3.760920997e-05 1.733364781e-06
6.12079602e-06 3.798629802e-05 1.701087422e-06
6.438565626e-06 3.836088106e-05 1.676052064e-06
5.354858891e-06 4.006382054e-05 1.583273091e-06
3.133614824e-06 4.175978154e-05 1.496234725e-06
8.831453545e-07 4.046841252e-05 1.561377303e-06
2.14584823e-06 3.77670892e-05 1.661673947e-06
3.742070189e-06 3.636295267e-05 1.682269584e-06
3.335685724e-06 3.639718271e-05 1.65140488e-06
4.777817899e-07 3.835002235e-05 1.572065457e-06
1.099605474e-06 3.930514348e-05 1.516229531e-06
9.47053324e-07 3.557145061e-05 1.613298452e-06
1.61535336e-06 3.420143301e-05 1.637793385e-06
3.127692634e-06 3.695078108e-05 1.57066746e-06
5.422955356e-06 3.890419463e-05 1.469274653e-06
7.955585757e-06 4.089895984e-05 1.352087237e-06
7.883772739e-06 4.134779066e-05 1.309142071e-06
6.253319854e-06 4.114761455e-05 1.271773632e-06
3.520176489e-06 4.001598366e-05 1.315022032e-06
2.175239933e-06 3.847728178e-05 1.37492193e-06
1.872204867e-06 3.718881776e-05 1.417976414e-06
1.948269402e-06 3.559519779e-05 1.460119072e-06
1.324239369e-06 3.481156357e-05 1.47437095e-06
2.82408241e-07 3.326690287e-05 1.50413837e-06
1.618992024e-06 3.285523237e-05 1.49749052e-06
3.161583413e-06 3.443952987e-05 1.435219489e-06
2.65116597e-06 3.615760544e-05 1.352315659e-06
3.682654742e-06 3.662560339e-05 1.337013239e-06
3.729041111e-06 3.471667355e-05 1.419893795e-06
2.403553986e-06 3.264135976e-05 1.508023425e-06
1.563850759e-06 3.188662429e-05 1.523167162e-06
9.886276831e-07 3.120099137e-05 1.524861606e-06
7.71262015e-07 2.986203308e-05 1.54697622e-06
8.265230262e-07 2.931222803e-05 1.560784632e-06
2.027655037e-06 3.166605519e-05 1.458974523e-06
2.258492635e-06 3.493620248e-05 1.293713373e-06
3.73288186e-06 3.463262272e-05 1.281051715e-06
4.619748124e-06 3.257131469e-05 1.347633324e-06
4.545048003e-06 3.216528999e-05 1.34085329e-06
3.962016299e-06 3.214354039e-05 1.316773024e-06
3.526424534e-06 3.22736685e-05 1.304192795e-06
2.129215585e-08 3.302606587e-05 1.251402199e-06
3.351895901e-06 3.265909827e-05 1.243163291e-06
5.487798358e-06 3.050043068e-05 1.323540194e-06
5.003300131e-06 2.965328426e-05 1.343307345e-06
4.003978696e-06 3.257359298e-05 1.191649862e-06
3.274510243e-06 3.303006487e-05 1.153481175e-06
2.17217401e-06 3.08448503e-05 1.231780261e-06
2.385874588e-06 3.026066716e-05 1.233450081e-06
2.740454372e-06 3.067133844e-05 1.245802991e-06
2.633799937e-06 3.011430081e-05 1.272973429e-06
3.178922705e-06 3.028460758e-05 1.240160985e-06
4.139159029e-06 3.207454385e-05 1.136921076e-06
4.35614464e-06 3.320134108e-05 1.057457159e-06
3.808765259e-06 3.215932791e-05 1.106403836e-06
1.096504367e-06 3.056779148e-05 1.152460375e-06
3.340887485e-07 3.088034135e-05 1.110146801e-06
6.807184401e-07 2.879240026e-05 1.211426554e-06
7.553016551e-07 2.646289621e-05 1.296836073e-06
6.397304122e-07 2.658309525e-05 1.281587824e-06
3.568396611e-06 2.620300439e-05 1.277602873e-06
5.434957798e-06 2.741051847e-05 1.22443444e-06
4.736514637e-06 2.882340592e-05 1.151502986e-06
3.856728727e-06 3.021837746e-05 1.067232469e-06
3.565044165e-06 2.977953431e-05 1.079256989e-06
3.502964724e-06 2.791871618e-05 1.119994627e-06
3.611120893e-06 2.603363612e-05 1.17054688e-06
1.976191194e-06 2.564566687e-05 1.158826577e-06
7.03911621e-08 2.733013789e-05 1.089030709e-06
4.342378122e-07 2.81990567e-05 1.031370609e-06
2.637910939e-07 2.815249536e-05 1.021773436e-06
1.404668125e-06 2.803698918e-05 1.020780694e-06
3.67179146e-06 2.596472905e-05 1.085309722e-06
4.418063097e-06 2.371493486e-05 1.172568588e-06
4.603566655e-06 2.436436189e-05 1.129475735e-06
4.056880199e-06 2.628620975e-05 1.050594965e-06
3.133882477e-06 2.678978321e-05 1.026866297e-06
2.671268449e-06 2.546504977e-05 1.069786216e-06
3.027415222e-06 2.534499393e-05 1.056612976e-06
1.828153089e-06 2.576150425e-05 1.040084787e-06
5.412923529e-07 2.614760428e-05 1.030520688e-06
3.949619194e-07 2.672439387e-05 9.999730361e-07
3.118937054e-07 2.615982845e-05 1.028449112e-06
2.432762161e-07 2.464481624e-05 1.083610924e-06
5.533781924e-07 2.420160294e-05 1.084476547e-06
6.433410611e-07 2.560613823e-05 1.013335184e-06
2.299835286e-07 2.671959077e-05 9.4156085e-07
1.42797085e-06 2.590630814e-05 9.688852955e-07
2.144897516e-06 2.521466518e-05 9.91734784e-07
1.372252478e-06 2.506624165e-05 9.899639797e-07
4.086822001e-07 2.445910409e-05 1.02447697e-06
4.638295047e-07 2.37716743e-05 1.046850959e-06
5.625328482e-07 2.430655692e-05 1.014725795e-06
7.405197822e-07 2.465670048e-05 9.936118403e-07
1.466550888e-06 2.367514101e-05 1.009615832e-06
2.405212869e-06 2.392058471e-05 9.780164597e-07
1.155966119e-06 2.539664479e-05 9.077679584e-07
6.531942402e-07 2.644687322e-05 8.596709759e-07
1.90517012e-06 2.653737687e-05 8.532404065e-07
1.970995121e-06 2.50064816e-05 9.074607362e-07
1.275549058e-06 2.266490521e-05 1.006080199e-06
1.472278288e-07 2.061118914e-05 1.073259881e-06
2.191522446e-07 2.024191374e-05 1.07621836e-06
2.875189562e-07 2.144362956e-05 1.029811206e-06
1.394603782e-07 2.213771537e-05 9.905084458e-07
3.9365407e-07 2.188076292e-05 9.891220559e-07
5.866765294e-07 2.158205543e-05 9.946293898e-07
6.782401135e-07 2.193184834e-05 9.740824184e-07
1.494343999e-06 2.257756509e-05 9.423887489e-07
2.633228711e-06 2.285117451e-05 9.258215256e-07
3.598240558e-06 2.258795177e-05 9.12984046e-07
3.998297812e-06 2.267035496e-05 8.876173312e-07
4.182503075e-06 2.364009626e-05 8.451764908e-07
3.776426657e-06 2.35675199e-05 8.383759376e-07
2.654600272e-06 2.271314114e-05 8.790206982e-07
1.22204597e-06 2.069609303e-05 9.429321723e-07
2.202922803e-07 3.394106234e-05 1.298156111e-06
9.421172096e-07 2.926706519e-05 1.053088752e-06
1.063574134e-06 2.696511884e-05 9.557521168e-07
2.962259532e-06 2.082353486e-05 8.449779001e-07
1.760359888e-06 2.194997234e-05 7.756376541e-07
2.685442712e-06 2.116322542e-05 7.513022519e-07
2.117542089e-06 2.075368873e-05 7.187927936e-07
1.100671648e-06 2.053289519e-05 7.128894214e-07
1.474193525e-06 2.085461925e-05 6.676691135e-07
1.465708481e-06 2.003842558e-05 6.562871846e-07
1.472459527e-06 1.865874515e-05 6.986491728e-07
8.135085117e-07 1.802393213e-05 7.018232687e-07
6.817173347e-07 1.941343603e-05 6.267305212e-07
3.544312966e-07 1.87166084e-05 6.353191161e-07
1.767400693e-07 1.600178148e-05 6.834639924e-07
7.039156239e-07 1.664160199e-05 6.567774331e-07
2.161077403e-06 1.604722301e-05 6.490382433e-07
2.315796346e-06 1.67639206e-05 6.318934736e-07
3.391108101e-07 1.568644141e-05 6.540158463e-07
1.278297844e-06 1.669233686e-05 6.064704338e-07
9.198511768e-07 1.714864046e-05 5.800349794e-07
4.489406446e-07 1.552932541e-05 6.132928255e-07
1.176558143e-06 1.468103896e-05 6.180250375e-07
1.723819909e-06 1.527060586e-05 5.867063651e-07
2.20236445e-06 1.615086563e-05 5.587319628e-07
2.453596254e-06 1.525436605e-05 5.847604459e-07
1.500604404e-06 1.389124338e-05 6.101949526e-07
3.176615721e-07 1.524158348e-05 5.529870772e-07
3.769272621e-07 1.433959334e-05 5.729130694e-07
5.792823396e-08 1.362625377e-05 5.77452739e-07
3.387499269e-07 1.332980305e-05 5.690112277e-07
9.81726109e-09 1.458207846e-05 5.256277771e-07
3.886884849e-07 1.454151193e-05 5.31953524e-07
3.510036739e-07 1.41461447e-05 5.177587748e-07
3.566781795e-07 1.287374218e-05 5.442758867e-07
8.174421874e-08 1.26722217e-05 5.422189557e-07
8.344563243e-07 1.264006395e-05 5.458504303e-07
1.681400852e-06 1.209224268e-05 5.56572315e-07
1.933076337e-06 1.215792253e-05 5.456228292e-07
1.989013305e-06 1.352984265e-05 5.109963899e-07
2.005121226e-06 1.424815723e-05 4.826797909e-07
1.796075181e-06 1.379087075e-05 4.887407823e-07
6.082772957e-07 1.268168588e-05 5.094206756e-07
1.032805826e-06 1.253562351e-05 5.122742254e-07
1.597407791e-06 1.188000356e-05 5.31205022e-07
1.009081681e-06 1.147579946e-05 5.440239925e-07
3.367427964e-07 1.148987556e-05 5.374512135e-07
1.857718219e-07 1.240794665e-05 5.080331348e-07
1.481771562e-08 1.281934183e-05 4.938928606e-07
2.879618432e-07 1.255527209e-05 5.001399506e-07
8.179485868e-07 1.226671265e-05 5.065440521e-07
1.013285036e-06 1.290142641e-05 4.841546322e-07
6.970507551e-07 1.367663712e-05 4.548193087e-07
4.186652517e-07 1.347300216e-05 4.553698572e-07
1.553691278e-07 1.237019748e-05 4.810818854e-07
3.294647661e-07 1.242175866e-05 4.729030302e-07
9.231319048e-07 1.257458152e-05 4.573325063e-07
1.414302356e-06 1.179424264e-05 4.749525718e-07
1.274816584e-06 1.20875161e-05 4.733934267e-07
7.109671593e-07 1.342498895e-05 4.337485724e-07
3.402851934e-07 1.416987357e-05 3.952086482e-07
4.462612794e-07 1.377500067e-05 4.073505361e-07
1.088635402e-06 1.312323766e-05 4.295233305e-07
1.450361642e-06 1.298451397e-05 4.300225966e-07
1.288333002e-06 1.276750139e-05 4.371004908e-07
7.742159747e-07 1.259759957e-05 4.405782043e-07
3.378877289e-07 1.278758599e-05 4.307185143e-07
2.575580067e-07 1.327026539e-05 4.100893569e-07
4.337193798e-07 1.301708179e-05 4.149722158e-07
3.666380903e-09 1.251375754e-05 4.320332721e-07
2.238055644e-07 1.289799441e-05 4.191491965e-07
1.724003954e-07 1.349436281e-05 3.910831786e-07
2.744068543e-07 1.361354675e-05 3.847362037e-07
7.276172835e-07 1.338597356e-05 3.880157525e-07
1.290727355e-06 1.303223626e-05 3.984574218e-07
1.638908703e-06 1.267627856e-05 4.08502364e-07
1.591954868e-06 1.239430418e-05 4.145850514e-07
1.296217093e-06 1.232590023e-05 4.143846918e-07
6.725482788e-07 1.223414207e-05 4.179975696e-07
1.558442801e-07 1.205010283e-05 4.208471042e-07
4.810355458e-07 1.195844355e-05 4.182564165e-07
9.732230471e-07 1.166895208e-05 4.171249527e-07
1.234162591e-06 1.114303342e-05 4.227157862e-07
1.142739816e-06 1.088136332e-05 4.288192167e-07
1.030066912e-06 1.095243514e-05 4.302039623e-07
1.159639595e-06 1.154653455e-05 4.169569902e-07
1.217665149e-06 1.192012385e-05 4.068103381e-07
1.16489204e-06 1.159791586e-05 4.141519965e-07
9.134263244e-07 1.096099569e-05 4.339703874e-07
5.733846478e-07 1.085211041e-05 4.422675009e-07
4.037796614e-07 1.127146882e-05 4.264953864e-07
6.180382319e-07 1.141889834e-05 4.155298735e-07
9.141193834e-07 1.14771851e-05 4.100678385e-07
9.759835508e-07 1.170449665e-05 4.02963034e-07
9.457192167e-07 1.185574624e-05 3.938481128e-07
6.409384013e-07 1.160174762e-05 3.985886969e-07
2.088277947e-07 1.132449913e-05 4.060475508e-07
2.871039437e-07 1.129283955e-05 4.040839759e-07
5.945186344e-07 1.115064366e-05 4.046234267e-07
6.688616954e-07 1.083621505e-05 4.151460309e-07
4.144304856e-07 1.090590497e-05 4.082739881e-07
1.632311312e-07 1.156361764e-05 3.839967885e-07
1.385281439e-07 1.234469859e-05 3.498053943e-07
1.467769283e-07 1.275976144e-05 3.284673171e-07
4.764001728e-08 1.240363333e-05 3.4768133e-07
7.871268043e-08 1.196841554e-05 3.591681177e-07
3.000322177e-07 1.192981736e-05 3.557135023e-07
9.362221071e-07 1.172817002e-05 3.64626172e-07
1.502103466e-06 1.106896177e-05 3.858557591e-07
1.797748401e-06 1.067082576e-05 3.960959444e-07
1.921758462e-06 1.085274738e-05 3.875250599e-07
2.293820135e-06 1.126470975e-05 3.683985055e-07
2.213119659e-06 1.167354278e-05 3.50202067e-07
1.869205335e-06 1.178256932e-05 3.428683228e-07
1.606971399e-06 1.119599716e-05 3.642163561e-07
1.536974418e-06 1.022586333e-05 3.932250245e-07
1.530332477e-06 8.912792378e-06 4.255579573e-07
1.579446475e-06 8.118832907e-06 4.414281009e-07
1.549062384e-06 9.169203947e-06 4.166716397e-07
1.311174348e-06 1.069003763e-05 3.720223088e-07
1.195836252e-06 1.137140129e-05 3.426386419e-07
1.194899968e-06 1.09989422e-05 3.554627969e-07
1.038533949e-06 1.027613439e-05 3.797516733e-07
7.54664714e-07 9.755232024e-06 3.971256147e-07
1.062448312e-07 9.161137353e-06 4.129428771e-07
2.209509934e-07 8.714105841e-06 4.23947695e-07
3.870573673e-07 8.635794843e-06 4.25272437e-07
6.176442613e-07 8.9869061e-06 4.114086712e-07
5.501448007e-07 9.031393358e-06 4.075036125e-07
4.231916339e-07 8.7025712e-06 4.174736202e-07
3.697494584e-07 8.523401903e-06 4.244967797e-07
2.109804865e-07 8.262618974e-06 4.226723946e-07
8.189256786e-08 8.2829591e-06 4.131362007e-07
9.64288138e-08 8.801886014e-06 3.960903254e-07
3.818251831e-07 9.152320246e-06 3.835096043e-07
7.797572683e-07 9.285529674e-06 3.774498426e-07
1.104398999e-06 9.369234717e-06 3.768497446e-07
1.16393354e-06 9.497422693e-06 3.75599501e-07
1.330039349e-06 9.950079729e-06 3.594116932e-07
1.750781422e-06 1.053285646e-05 3.401301487e-07
1.900203309e-06 1.101560232e-05 3.228974327e-07
1.757683958e-06 1.120337831e-05 3.099618255e-07
1.618988025e-06 1.110263113e-05 3.17949622e-07
1.299590855e-06 1.085880182e-05 3.324705116e-07
1.435216467e-06 1.048929788e-05 3.416257964e-07
2.229100536e-06 1.048154834e-05 3.354529426e-07
2.570123277e-06 1.068463358e-05 3.256190673e-07
2.011223143e-06 1.072522469e-05 3.221474134e-07
1.412876326e-06 1.074050877e-05 3.203393616e-07
8.22409766e-07 1.062625602e-05 3.16407334e-07
8.008719717e-07 1.06636887e-05 3.121752809e-07
7.413995858e-07 1.085782779e-05 3.054984479e-07
7.842658592e-07 1.102493691e-05 2.995039855e-07
5.803303097e-07 1.095450504e-05 3.009374853e-07
4.172219438e-07 1.074380641e-05 3.113181397e-07
1.577854269e-07 1.023321128e-05 3.34771037e-07
4.700696516e-08 9.84778665e-06 3.4751453e-07
2.14982543e-07 1.013701962e-05 3.305403077e-07
6.896393529e-07 1.076388074e-05 3.045090261e-07
1.246873373e-06 1.105318442e-05 2.882261382e-07
8.904199069e-07 1.10380181e-05 2.839010139e-07
1.75158041e-07 1.054409201e-05 3.022082556e-07
4.40536207e-07 9.802066153e-06 3.291881741e-07
7.207483875e-07 9.240880067e-06 3.451539364e-07
5.974589181e-07 8.984582363e-06 3.534884288e-07
5.506794188e-07 8.930832847e-06 3.582585802e-07
7.191433928e-07 9.173495354e-06 3.500752525e-07
8.24173233e-07 9.45035019e-06 3.344433192e-07
1.014782028e-06 9.59719823e-06 3.243108205e-07
1.195741014e-06 9.532457426e-06 3.239180103e-07
1.415936249e-06 9.494267194e-06 3.249573226e-07
1.672321937e-06 9.586272953e-06 3.223623072e-07
1.904004687e-06 9.647741638e-06 3.193323783e-07
1.881360767e-06 9.750130198e-06 3.112340603e-07
1.776012599e-06 9.757035146e-06 3.064488991e-07
1.73064335e-06 9.507885097e-06 3.141757773e-07
1.592112613e-06 9.230149704e-06 3.196073356e-07
1.553838015e-06 9.059433031e-06 3.214201111e-07
1.536497002e-06 9.065397471e-06 3.196950641e-07
1.176441269e-06 9.289714623e-06 3.1258317e-07
6.243745787e-07 9.496773054e-06 3.076780957e-07
7.92697318e-09 9.738622327e-06 2.992105629e-07
3.963261152e-07 1.00007018e-05 2.893303908e-07
7.747257128e-07 1.015401083e-05 2.800535595e-07
9.941133179e-07 1.018507033e-05 2.777363804e-07
1.131613873e-06 1.002749341e-05 2.843288246e-07
1.031541162e-06 9.904859943e-06 2.906547815e-07
7.3295093e-07 9.896576307e-06 2.931797075e-07
4.974720251e-07 9.794006749e-06 2.97148005e-07
1.817861117e-07 9.483182142e-06 3.052005965e-07
1.90509455e-07 9.079303849e-06 3.151344902e-07
5.530822542e-07 9.06821546e-06 3.134095982e-07
9.301910448e-07 9.48173761e-06 3.012575563e-07
1.393073385e-06 9.684288406e-06 2.949516788e-07
1.819833034e-06 9.42931556e-06 3.005676592e-07
2.031388037e-06 8.820831505e-06 3.180855762e-07
1.903483325e-06 8.300411674e-06 3.310543731e-07
1.515291301e-06 8.222965781e-06 3.285504614e-07
1.192662758e-06 8.300982986e-06 3.250376561e-07
9.572762613e-07 8.221013596e-06 3.286485286e-07
9.404306991e-07 7.86688773e-06 3.382987571e-07
8.787947232e-07 7.558818016e-06 3.466251543e-07
7.219651567e-07 7.464298357e-06 3.488357266e-07
3.249628576e-07 7.3363932e-06 3.501614237e-07
4.809439685e-08 7.305682555e-06 3.495532904e-07
4.772838137e-07 7.642870303e-06 3.413373486e-07
9.202955591e-07 8.132150629e-06 3.277698373e-07
1.179848829e-06 8.537354124e-06 3.138698721e-07
1.276130409e-06 8.589129702e-06 3.119684056e-07
1.216344122e-06 8.295438919e-06 3.223279611e-07
1.02429534e-06 7.889161735e-06 3.363539335e-07
7.088455761e-07 7.590543046e-06 3.457404624e-07
4.595242726e-07 7.535577685e-06 3.466206026e-07
3.324699918e-07 7.678128304e-06 3.414436117e-07
2.285204508e-07 7.87504039e-06 3.335998403e-07
3.652763399e-09 8.070188624e-06 3.263353817e-07
2.81092379e-07 8.287269501e-06 3.168643178e-07
6.15836946e-07 8.652012619e-06 3.038144159e-07
9.503887106e-07 8.980786489e-06 2.917847795e-07
9.948167611e-07 9.126462624e-06 2.838720444e-07
9.135861704e-07 9.164600019e-06 2.823246938e-07
7.926984698e-07 9.214347038e-06 2.792915878e-07
5.997179246e-07 9.319466606e-06 2.746791427e-07
4.675460759e-07 9.438496122e-06 2.704778339e-07
3.621278405e-07 9.553977604e-06 2.672432651e-07
3.609259411e-07 9.696573082e-06 2.613046838e-07
2.937098095e-07 9.838884825e-06 2.556363386e-07
2.468236685e-07 9.93525783e-06 2.49105399e-07
1.772036385e-07 9.915105008e-06 2.478225358e-07
1.095960996e-07 9.805426919e-06 2.493174996e-07
1.537781178e-07 9.71028881e-06 2.513023476e-07
1.007565127e-07 9.572616373e-06 2.568010811e-07
1.778279052e-07 9.437095823e-06 2.629797768e-07
2.872042846e-07 9.458130543e-06 2.630022303e-07
4.088527836e-07 9.581932774e-06 2.592497021e-07
6.135319297e-07 9.677194536e-06 2.548513341e-07
7.279358097e-07 9.695649559e-06 2.531258286e-07
6.907375316e-07 9.685381049e-06 2.524207037e-07
5.036901056e-07 9.754881398e-06 2.493760133e-07
3.453326151e-07 9.841403843e-06 2.441079657e-07
1.695053082e-07 9.813548769e-06 2.44667948e-07
5.020030721e-08 9.580645167e-06 2.529480891e-07
2.889040225e-07 9.271920259e-06 2.630204358e-07
6.180832982e-07 9.030232569e-06 2.684690199e-07
9.049717346e-07 8.842714922e-06 2.703428153e-07
1.019452243e-06 8.739372905e-06 2.706566083e-07
1.038317224e-06 8.691798269e-06 2.70095188e-07
8.936024093e-07 8.547723117e-06 2.734887228e-07
6.126170593e-07 8.262339802e-06 2.842845717e-07
2.090548378e-07 8.040737759e-06 2.954012306e-07
1.00405701e-07 8.202606784e-06 2.948694716e-07
2.568929249e-07 8.783392837e-06 2.771512818e-07
3.417144341e-07 9.416689127e-06 2.53265642e-07
3.626087253e-07 9.775111672e-06 2.362247129e-07
3.012632848e-07 9.749276577e-06 2.358961294e-07
2.272421827e-07 9.422337147e-06 2.484603708e-07
1.039266435e-07 8.851915805e-06 2.676719659e-07
7.216012324e-08 8.202557961e-06 2.894487983e-07
3.007038617e-07 7.863481759e-06 3.010390964e-07
5.465816549e-07 8.108002972e-06 2.953724708e-07
7.102612019e-07 8.674043961e-06 2.785270341e-07
7.526321234e-07 9.099629299e-06 2.63694034e-07
7.620043851e-07 9.215396832e-06 2.595947118e-07
6.956908248e-07 9.244314944e-06 2.577124157e-07
5.485477607e-07 9.412046117e-06 2.474144006e-07
3.473399075e-07 9.63843378e-06 2.345964419e-07
7.983724039e-08 9.690576355e-06 2.314504602e-07
1.761128542e-07 9.518373231e-06 2.363260572e-07
3.501588302e-07 9.268311466e-06 2.418807362e-07
5.228317866e-07 9.110608541e-06 2.451549542e-07
6.943692023e-07 9.064193194e-06 2.472638534e-07
8.539695124e-07 9.010728625e-06 2.503239127e-07
8.951642533e-07 8.85124787e-06 2.567290079e-07
8.272551856e-07 8.548495436e-06 2.672657997e-07
6.205597191e-07 8.136580814e-06 2.801633864e-07
2.914315507e-07 7.801650718e-06 2.899357358e-07
1.886152903e-08 7.761814218e-06 2.915210131e-07
2.001267753e-07 7.953445835e-06 2.863409369e-07
3.585723673e-07 8.076074435e-06 2.836823528e-07
4.108123808e-07 7.941721391e-06 2.885367903e-07
3.319879227e-07 7.608806128e-06 2.986633596e-07
1.859976658e-07 7.257759543e-06 3.083893136e-07
2.368178851e-08 7.03977917e-06 3.126356695e-07
9.885522213e-08 7.000727326e-06 3.103377189e-07
1.958823911e-07 7.080519008e-06 3.045932822e-07
2.913535512e-07 7.150788999e-06 2.99457463e-07
3.814378857e-07 7.111070085e-06 2.990880145e-07
6.254910729e-07 6.984954594e-06 3.026178041e-07
8.242959891e-07 6.908436479e-06 3.058977474e-07
9.85055064e-07 6.943445884e-06 3.057993138e-07
1.073745536e-06 7.065972768e-06 3.023616008e-07
1.072331904e-06 7.261263193e-06 2.968552931e-07
9.991432529e-07 7.494246642e-06 2.900244196e-07
8.799245883e-07 7.705858742e-06 2.822144863e-07
7.483072818e-07 7.876750055e-06 2.765605626e-07
5.918323548e-07 8.057819031e-06 2.718821908e-07
5.156012722e-07 8.235376714e-06 2.675308753e-07
5.164534003e-07 8.365058337e-06 2.64926992e-07
5.844193902e-07 8.417581449e-06 2.647819908e-07
6.621396932e-07 8.396765485e-06 2.667276177e-07
7.105174177e-07 8.350038904e-06 2.695020346e-07
7.629683943e-07 8.338693757e-06 2.690014501e-07
8.805628676e-07 8.399464141e-06 2.648093851e-07
1.043457503e-06 8.540164093e-06 2.565958996e-07
1.247755421e-06 8.766357241e-06 2.448776784e-07
1.332401758e-06 9.003320677e-06 2.341960242e-07
1.33773545e-06 9.254141514e-06 2.230729109e-07
1.331931304e-06 9.486302027e-06 2.109581133e-07
1.402587476e-06 9.618582286e-06 2.046141447e-07
1.390363557e-06 9.573302178e-06 2.067226304e-07
1.352650644e-06 9.345277626e-06 2.167240498e-07
1.322740795e-06 9.036675466e-06 2.307018738e-07
1.273891825e-06 8.747278982e-06 2.423341894e-07
1.189769915e-06 8.500686348e-06 2.504795033e-07
1.118041909e-06 8.284602822e-06 2.5694328e-07
1.062331909e-06 8.144591436e-06 2.606423758e-07
9.626802144e-07 8.173081833e-06 2.582679357e-07
7.973441441e-07 8.373338475e-06 2.499378855e-07
6.597697103e-07 8.644441218e-06 2.401200234e-07
5.265626592e-07 8.850327444e-06 2.324532606e-07
3.970298179e-07 8.909966019e-06 2.316917299e-07
3.294405753e-07 8.82045817e-06 2.3764458e-07
2.690402318e-07 8.60048824e-06 2.475493495e-07
2.115182003e-07 8.280012918e-06 2.596037873e-07
2.418579183e-07 7.900265767e-06 2.715914935e-07
3.291249206e-07 7.522501964e-06 2.820735083e-07
4.455106771e-07 7.223307211e-06 2.892438898e-07
6.177012382e-07 7.084572499e-06 2.927148836e-07
7.764582479e-07 7.168805475e-06 2.903062581e-07
8.245307482e-07 7.437256098e-06 2.828167329e-07
8.081946908e-07 7.797879087e-06 2.715528003e-07
8.227433919e-07 8.126275142e-06 2.594507347e-07
8.112970401e-07 8.321453377e-06 2.521166637e-07
8.27565388e-07 8.351810203e-06 2.499482408e-07
8.468419309e-07 8.267376949e-06 2.514578619e-07
7.683121249e-07 8.139817443e-06 2.543915136e-07
6.668506521e-07 8.040181851e-06 2.570722293e-07
5.548338277e-07 7.99959891e-06 2.577942749e-07
4.553089524e-07 7.979693791e-06 2.594108577e-07
3.877953506e-07 7.94170807e-06 2.620661237e-07
3.416855025e-07 7.881402384e-06 2.656896081e-07
3.094208963e-07 7.820189797e-06 2.680268888e-07
2.855499264e-07 7.801038526e-06 2.680551515e-07
2.897061369e-07 7.878914515e-06 2.642657921e-07
2.703714728e-07 8.063285526e-06 2.568304015e-07
2.499214611e-07 8.277293668e-06 2.481258569e-07
2.196058462e-07 8.413098954e-06 2.430094579e-07
1.526589438e-07 8.429316946e-06 2.429146253e-07
9.747743561e-08 8.357772856e-06 2.468695358e-07
6.59905932e-08 8.22153926e-06 2.531107567e-07
5.807559558e-08 7.996286768e-06 2.617532379e-07
4.141631424e-08 7.664465422e-06 2.719546229e-07
6.264315542e-08 7.323049113e-06 2.812489096e-07
7.818034935e-08 7.134575893e-06 2.851731634e-07
1.02764948e-07 7.152973715e-06 2.829863396e-07
1.575945854e-07 7.250740023e-06 2.780755973e-07
2.559561463e-07 7.235697747e-06 2.76249259e-07
4.061433778e-07 6.990891212e-06 2.817665795e-07
5.912819495e-07 6.536812763e-06 2.920669653e-07
6.884849457e-07 6.006608709e-06 3.023662225e-07
7.151912763e-07 5.586814878e-06 3.09790773e-07
6.504563782e-07 5.442188352e-06 3.107565208e-07
5.18631705e-07 5.606934297e-06 3.054651711e-07
3.660205543e-07 5.909114407e-06 2.978841182e-07
2.55264277e-07 6.109940716e-06 2.930947703e-07
1.854541722e-07 6.109859306e-06 2.9338463e-07
1.353203619e-07 5.989431082e-06 2.975523315e-07
6.980384625e-08 5.874650552e-06 3.024427644e-07
8.267395765e-08 5.814758214e-06 3.065592273e-07
3.426820413e-07 5.820888036e-06 3.086842634e-07
6.995848414e-07 5.935715757e-06 3.069479188e-07
1.080388678e-06 6.183276385e-06 3.014366076e-07
1.363944061e-06 6.512803752e-06 2.935561713e-07
1.493541899e-06 6.8550515e-06 2.84907468e-07
1.48723516e-06 7.173598192e-06 2.759018418e-07
1.397903607e-06 7.440559232e-06 2.67079119e-07
1.255135269e-06 7.611228765e-06 2.611929794e-07
1.086754726e-06 7.682656212e-06 2.588442355e-07
9.513609707e-07 7.783634583e-06 2.527713918e-07
7.000522854e-07 7.876904545e-06 2.476186397e-07
5.263463578e-07 7.980684934e-06 2.404538255e-07
4.799930818e-07 8.016061704e-06 2.378039168e-07
2.308050257e-07 7.989907115e-06 2.378328781e-07
7.572733687e-08 7.965154737e-06 2.378446707e-07
3.027000255e-07 8.012898455e-06 2.371921908e-07
4.117209923e-07 8.125476251e-06 2.350653573e-07
4.209822378e-07 8.290498608e-06 2.301651076e-07
3.865020255e-07 8.447502741e-06 2.239529736e-07
3.792387959e-07 8.541878536e-06 2.195887136e-07
4.421917024e-07 8.543392474e-06 2.18989697e-07
4.563406559e-07 8.463052743e-06 2.219926972e-07
3.859606353e-07 8.318318142e-06 2.287369505e-07
3.137629061e-07 8.135638344e-06 2.370073674e-07
2.845619025e-07 7.903552995e-06 2.462732365e-07
2.796937654e-07 7.655636812e-06 2.547124577e-07
2.016169589e-07 7.468064962e-06 2.599724467e-07
3.598826067e-08 7.395250829e-06 2.5983549e-07
1.618549659e-07 7.425220156e-06 2.56690689e-07
3.028474167e-07 7.497714058e-06 2.529918773e-07
3.786635393e-07 7.594632093e-06 2.496118487e-07
4.966420338e-07 7.740071794e-06 2.446759767e-07
6.904594002e-07 7.905615928e-06 2.395406446e-07
8.729934784e-07 8.008066326e-06 2.364006088e-07
9.741549129e-07 7.918629049e-06 2.393227705e-07
1.003613797e-06 7.594215493e-06 2.504164925e-07
9.237379133e-07 7.122452142e-06 2.647723091e-07
8.258444993e-07 6.703487427e-06 2.75466426e-07
7.633355169e-07 6.497053422e-06 2.795619944e-07
7.067423021e-07 6.522717303e-06 2.774524868e-07
6.409899699e-07 6.676091507e-06 2.715060905e-07
6.211388021e-07 6.856734376e-06 2.650051154e-07
6.482916945e-07 7.016406201e-06 2.594265616e-07
6.929541569e-07 7.161395726e-06 2.540742511e-07
6.868049289e-07 7.30651468e-06 2.485647659e-07
5.936868201e-07 7.455335087e-06 2.440132405e-07
4.48403906e-07 7.588758984e-06 2.417791928e-07
3.068362972e-07 7.671669269e-06 2.421811399e-07
1.816206546e-07 7.669540074e-06 2.452849514e-07
1.004450547e-07 7.58363871e-06 2.491519312e-07
9.497699304e-08 7.493241943e-06 2.504461116e-07
1.1572024e-07 7.457927445e-06 2.503267813e-07
1.382589593e-07 7.47475043e-06 2.476517064e-07
2.131957421e-07 7.495107943e-06 2.450858476e-07
2.827015998e-07 7.474568922e-06 2.434950158e-07
3.73661067e-07 7.419794974e-06 2.443608432e-07
5.451198971e-07 7.360625585e-06 2.466529719e-07
7.795728215e-07 7.335843556e-06 2.485319662e-07
1.000596891e-06 7.366170796e-06 2.484075711e-07
1.193568851e-06 7.433373858e-06 2.455156186e-07
1.398277547e-06 7.498791798e-06 2.424406088e-07
1.612399552e-06 7.567349334e-06 2.393105865e-07
1.79673308e-06 7.674401767e-06 2.347543921e-07
1.859245539e-06 7.831605627e-06 2.28384045e-07
1.856680481e-06 7.992951552e-06 2.216500805e-07
1.817047903e-06 8.052550171e-06 2.176769409e-07
1.747834394e-06 7.902427948e-06 2.211957712e-07
1.654721688e-06 7.503317904e-06 2.357310743e-07
1.485528722e-06 6.941708934e-06 2.549997669e-07
1.236263633e-06 6.381237004e-06 2.715862567e-07
9.39264518e-07 5.971126768e-06 2.816711216e-07
7.082338269e-07 5.75418379e-06 2.861627925e-07
5.210837659e-07 5.683933255e-06 2.87475984e-07
3.747290515e-07 5.707226019e-06 2.866198887e-07
2.677006556e-07 5.78870009e-06 2.838878677e-07
1.960413044e-07 5.936145291e-06 2.787594713e-07
1.681723856e-07 6.167514553e-06 2.706085663e-07
2.225059495e-07 6.460592695e-06 2.6053889e-07
2.890186751e-07 6.739977788e-06 2.518767585e-07
3.08040311e-07 6.921843074e-06 2.464603201e-07
2.98462975e-07 6.949897541e-06 2.455922777e-07
2.843776566e-07 6.828442457e-06 2.489998245e-07
2.433489658e-07 6.593803719e-06 2.56040785e-07
1.921473492e-07 6.299863187e-06 2.647027557e-07
1.292928317e-07 6.035634391e-06 2.722913925e-07
2.055380055e-08 5.890010273e-06 2.769696032e-07
1.27494668e-07 5.916856865e-06 2.772561476e-07
2.917886718e-07 6.11972346e-06 2.731208116e-07
4.45038876e-07 6.460284075e-06 2.650261993e-07
5.778187814e-07 6.870108223e-06 2.54012804e-07
6.826748369e-07 7.27095802e-06 2.421255295e-07
7.605003903e-07 7.598788588e-06 2.309305314e-07
8.136101462e-07 7.833655621e-06 2.21626361e-07
8.165279274e-07 8.006906337e-06 2.140359935e-07
7.614172721e-07 8.161325749e-06 2.075472185e-07
6.478001076e-07 8.309869667e-06 2.008071887e-07
5.250631299e-07 8.42126106e-06 1.953032923e-07
4.504807383e-07 8.450667621e-06 1.935359339e-07
4.347392637e-07 8.389134786e-06 1.966353459e-07
4.533135275e-07 8.282000344e-06 2.018724012e-07
5.044356766e-07 8.191901747e-06 2.050745552e-07
5.972994644e-07 8.142828807e-06 2.052095904e-07
7.220106985e-07 8.123325936e-06 2.040157455e-07
8.430071216e-07 8.135864294e-06 2.021041753e-07
9.250522643e-07 8.208693213e-06 1.974751115e-07
9.8868242e-07 8.346974298e-06 1.902435388e-07
1.023328365e-06 8.536601141e-06 1.811790757e-07
7.19419857e-07 2.121923882e-05 4.885796447e-07
5.629184971e-07 1.992480589e-05 3.713669642e-07
6.763343576e-07 1.445426356e-05 2.779155955e-07
1.105633642e-06 1.409308511e-05 2.646456608e-07
4.441351318e-07 1.274592945e-05 2.591094781e-07
4.089034833e-07 1.304595616e-05 2.411275452e-07
1.501314231e-06 1.245040652e-05 2.397321985e-07
1.407860687e-06 1.144628876e-05 2.431426034e-07
1.39976609e-06 1.113761511e-05 2.320343262e-07
5.032567308e-07 1.138002456e-05 2.225363895e-07
8.521195809e-07 1.000719219e-05 2.28152602e-07
8.721148968e-07 1.1488387e-05 1.940489772e-07
4.959382316e-07 1.035329294e-05 2.116754703e-07
4.243100568e-07 1.06517791e-05 2.008644972e-07
1.462380798e-07 1.049014839e-05 1.929193154e-07
8.760397848e-07 1.073973053e-05 1.816693503e-07
1.623785657e-06 1.009566728e-05 1.837689234e-07
8.480500878e-07 9.805710171e-06 1.876530376e-07
5.109410234e-07 9.75809483e-06 1.868258867e-07
1.183995882e-07 8.393073278e-06 2.007301828e-07
2.501699796e-07 9.349254144e-06 1.762496846e-07
9.253230016e-07 9.255855366e-06 1.76761998e-07
4.411238313e-07 8.656606062e-06 1.8395525e-07
4.21140084e-07 9.285654683e-06 1.645486772e-07
8.140668381e-08 9.424092108e-06 1.572216266e-07
6.227900514e-07 8.641064638e-06 1.711680271e-07
6.296541046e-07 8.366714879e-06 1.717647185e-07
6.845779508e-07 9.009690397e-06 1.557857012e-07
5.918639778e-07 8.46240299e-06 1.6178931e-07
5.648163112e-07 8.706486115e-06 1.527517915e-07
1.275618587e-06 8.785756326e-06 1.517705219e-07
1.973267464e-06 8.705016787e-06 1.540527074e-07
1.653051286e-06 8.627553776e-06 1.523908087e-07
9.65594565e-07 8.237529698e-06 1.484665182e-07
7.438504465e-07 8.319377356e-06 1.458389713e-07
7.214990972e-07 8.141919575e-06 1.479574336e-07
5.453123104e-07 7.969327815e-06 1.529324254e-07
1.839468925e-07 7.408118745e-06 1.621350987e-07
3.112013096e-07 7.405081002e-06 1.624910657e-07
2.927067855e-07 7.751145642e-06 1.49887633e-07
1.857284032e-07 7.581892264e-06 1.457243684e-07
4.430983009e-07 7.928399937e-06 1.378810254e-07
7.786486961e-07 8.536932102e-06 1.243439123e-07
1.168379989e-06 7.687326123e-06 1.412231442e-07
1.626939568e-06 7.309392877e-06 1.445430003e-07
1.750048711e-06 8.244219549e-06 1.19402284e-07
1.231543281e-06 7.976108498e-06 1.267356219e-07
7.271324213e-07 7.715668633e-06 1.287600451e-07
4.695186413e-07 7.514844951e-06 1.298846022e-07
1.49661747e-07 7.40277911e-06 1.312100555e-07
4.224304968e-07 7.415171948e-06 1.283113614e-07
8.168660013e-07 7.17172149e-06 1.30810426e-07
7.148167909e-07 6.982256202e-06 1.304846624e-07
4.422987179e-07 6.930825293e-06 1.329514444e-07
6.136292879e-08 6.641720342e-06 1.378075426e-07
1.115496746e-07 6.698304067e-06 1.330990333e-07
3.146808275e-07 7.192379043e-06 1.21775639e-07
7.7341304e-07 7.367988299e-06 1.172862445e-07
7.273734828e-07 7.666472807e-06 1.082617312e-07
2.762841633e-07 7.93097408e-06 1.010080439e-07
9.115976822e-08 7.625173923e-06 1.094482685e-07
1.673090275e-07 6.661431294e-06 1.308477442e-07
1.443658489e-07 6.042169259e-06 1.425887948e-07
3.492386496e-07 5.715145106e-06 1.437785276e-07
5.621826375e-08 5.247068431e-06 1.483544275e-07
1.263060113e-07 5.891918953e-06 1.373451829e-07
2.492756422e-07 6.377113168e-06 1.280826711e-07
6.659643185e-07 6.482461246e-06 1.272896119e-07
4.400616362e-07 6.36370776e-06 1.283527267e-07
3.122862814e-07 6.429727492e-06 1.239630703e-07
8.08353119e-07 6.453149982e-06 1.196349155e-07
7.504973205e-07 6.12792145e-06 1.222665052e-07
3.572408588e-07 6.210218322e-06 1.187450637e-07
7.662649928e-08 6.629221574e-06 1.109838839e-07
6.043844555e-08 6.734334717e-06 1.103514298e-07
3.651649451e-07 6.245199727e-06 1.205584074e-07
5.923571331e-07 5.935420317e-06 1.24583971e-07
3.366572227e-07 6.212483332e-06 1.187560288e-07
1.555108346e-07 6.378958485e-06 1.151033963e-07
5.623117794e-07 6.355368303e-06 1.150497888e-07
8.345937707e-07 6.563887206e-06 1.07639474e-07
9.491996032e-07 6.253074419e-06 1.12630713e-07
8.443126688e-07 5.337367305e-06 1.282459826e-07
5.681378788e-07 5.186462487e-06 1.293270528e-07
2.756691835e-07 5.115153046e-06 1.289991256e-07
6.061301895e-08 4.912275358e-06 1.294797106e-07
4.901441736e-08 5.364047777e-06 1.223244174e-07
2.712652533e-08 6.05872494e-06 1.122011353e-07
1.642971916e-07 6.578911449e-06 1.012410672e-07
1.316003619e-07 6.643827784e-06 9.963244772e-08
8.905961612e-08 6.273848542e-06 1.067580113e-07
3.913091657e-07 5.851333829e-06 1.145549147e-07
6.119746533e-07 5.623561956e-06 1.180362121e-07
6.316499553e-07 5.200556984e-06 1.2438087e-07
5.296859052e-07 5.010875702e-06 1.267276427e-07
5.195887593e-07 5.201858999e-06 1.212262965e-07
6.635096412e-07 5.058965604e-06 1.219111817e-07
7.183794101e-07 4.919879598e-06 1.248142888e-07
4.91338098e-07 5.104026463e-06 1.223673394e-07
1.404651713e-07 5.286342922e-06 1.178695403e-07
7.573951287e-08 5.568423357e-06 1.120319537e-07
9.288023951e-08 5.876089856e-06 1.063326595e-07
4.151615622e-08 5.921075665e-06 1.04045094e-07
6.688916098e-08 6.012562495e-06 9.96411046e-08
9.192561613e-08 6.129646424e-06 9.620891249e-08
7.804681578e-08 5.9824693e-06 1.009014692e-07
4.089745005e-07 5.933110942e-06 1.015396938e-07
6.805182387e-07 5.889190569e-06 1.020473612e-07
7.103974649e-07 5.565624543e-06 1.084898558e-07
5.727198559e-07 5.229131867e-06 1.122129779e-07
4.346125435e-07 5.260407342e-06 1.093535003e-07
4.251452826e-07 5.488357774e-06 1.053791433e-07
5.76546413e-07 5.629005303e-06 1.032887821e-07
7.709857194e-07 5.645743714e-06 1.026101235e-07
8.412451123e-07 5.530572622e-06 1.033552778e-07
7.071071844e-07 5.301337654e-06 1.066463873e-07
4.50952934e-07 5.13402007e-06 1.093976672e-07
2.652483675e-07 5.265711079e-06 1.073334953e-07
1.901416426e-07 5.480846094e-06 1.026083895e-07
1.207780713e-07 5.657182175e-06 9.896090058e-08
4.061627241e-08 5.950494169e-06 9.308368355e-08
2.643238954e-07 6.174393441e-06 8.701824816e-08
4.695441652e-07 6.054014687e-06 8.906123614e-08
6.907188528e-07 5.669346061e-06 9.765656422e-08
8.501288492e-07 5.477330986e-06 1.010064536e-07
9.732957581e-07 5.67416125e-06 9.677597415e-08
9.561030562e-07 5.765665455e-06 9.545238437e-08
7.50114153e-07 5.471573133e-06 1.009176124e-07
3.776795024e-07 5.172546046e-06 1.056258164e-07
9.358600608e-08 5.109609767e-06 1.069249184e-07
5.122773211e-07 5.194315833e-06 1.061913138e-07
8.04909892e-07 5.532721706e-06 9.935490395e-08
9.377354349e-07 5.973986843e-06 8.845071129e-08
9.842019514e-07 6.166337403e-06 8.245006214e-08
9.932503256e-07 6.142345282e-06 8.149833333e-08
9.663651327e-07 6.060296668e-06 8.310998884e-08
9.300163892e-07 5.828256748e-06 8.785174244e-08
8.69407698e-07 5.469787093e-06 9.45778947e-08
7.307846079e-07 5.251574166e-06 9.836484091e-08
5.046090085e-07 5.297635425e-06 9.702528738e-08
2.580361757e-07 5.474002112e-06 9.253256748e-08
1.048131453e-07 5.634831245e-06 8.789956265e-08
5.052095957e-08 5.714882858e-06 8.45069289e-08
6.999452024e-08 5.59537843e-06 8.785793974e-08
9.644097738e-08 5.181492612e-06 9.747300684e-08
9.503924385e-08 4.706805027e-06 1.048320875e-07
7.769667135e-08 4.489106424e-06 1.066272252e-07
7.418711731e-08 4.585025947e-06 1.052810145e-07
5.593975316e-08 4.925554812e-06 9.991419911e-08
3.676578002e-08 5.295969474e-06 9.267246288e-08
1.16216718e-08 5.510924975e-06 8.785834367e-08
2.118105332e-08 5.507918057e-06 8.84671788e-08
6.11270011e-08 5.420804851e-06 9.051086086e-08
1.343061556e-07 5.542314064e-06 8.759257193e-08
2.21277129e-07 5.78239658e-06 8.209665195e-08
2.447936156e-07 5.825661887e-06 8.064487384e-08
1.607322011e-07 5.561717282e-06 8.571789179e-08
2.808619927e-08 5.02574038e-06 9.558794002e-08
2.2710578e-07 4.496634297e-06 1.037001997e-07
3.628202542e-07 4.313182987e-06 1.066245291e-07
3.782672934e-07 4.389569207e-06 1.062212075e-07
2.536236137e-07 4.628303134e-06 1.026379852e-07
1.421761135e-08 5.011149773e-06 9.456631152e-08
2.913927429e-07 5.280909406e-06 8.775095328e-08
5.940117657e-07 5.283851198e-06 8.785223762e-08
8.368015971e-07 5.124106384e-06 9.199030015e-08
1.008734067e-06 4.965733677e-06 9.510379895e-08
1.126980018e-06 4.888284554e-06 9.542998256e-08
1.201309145e-06 4.923875498e-06 9.377555867e-08
1.219465401e-06 5.007476343e-06 9.159181496e-08
1.166343036e-06 4.952556386e-06 9.157172497e-08
1.048028543e-06 4.719155666e-06 9.556875102e-08
8.773120288e-07 4.474953454e-06 1.001810629e-07
6.56899342e-07 4.343563533e-06 1.027407576e-07
3.979663012e-07 4.270178168e-06 1.043636708e-07
1.271843583e-07 4.16515735e-06 1.064286939e-07
1.175018706e-07 4.036581798e-06 1.087031224e-07
3.122104526e-07 3.956917194e-06 1.099772286e-07
4.477245338e-07 3.994410415e-06 1.087455927e-07
5.330564474e-07 4.205103498e-06 1.050141228e-07
5.984498013e-07 4.567489375e-06 9.851286475e-08
6.43189731e-07 4.877793218e-06 9.212443285e-08
6.770209135e-07 4.989509344e-06 8.951344616e-08
6.883818018e-07 4.990575364e-06 8.907292768e-08
6.504983658e-07 5.029281705e-06 8.886182535e-08
5.601368596e-07 5.113950765e-06 8.791118546e-08
3.988164847e-07 5.182477379e-06 8.620679681e-08
2.190080345e-07 5.135591179e-06 8.564335097e-08
6.083050422e-08 4.841958761e-06 9.010135812e-08
3.989518985e-08 4.357952174e-06 9.847575558e-08
8.212419008e-08 3.980656512e-06 1.046032231e-07
1.20654948e-07 3.955020453e-06 1.052347887e-07
1.960708378e-07 4.251174912e-06 1.010790426e-07
3.04501288e-07 4.640649933e-06 9.482179734e-08
3.912685839e-07 4.909792249e-06 8.934752386e-08
4.206564856e-07 5.044254033e-06 8.613723821e-08
3.767997718e-07 5.133904374e-06 8.342050762e-08
3.235514403e-07 5.160142357e-06 8.246340279e-08
2.451403001e-07 5.082417741e-06 8.366073582e-08
1.544549275e-07 4.93926507e-06 8.617917668e-08
6.350803976e-08 4.837557413e-06 8.774271854e-08
2.958567838e-08 4.804412723e-06 8.747333989e-08
1.263211557e-07 4.741706645e-06 8.821453974e-08
1.43225345e-07 4.626816162e-06 8.997693055e-08
8.351014281e-08 4.552117063e-06 9.022892405e-08
6.565690032e-09 4.554490512e-06 8.939936677e-08
4.161500599e-08 4.650565461e-06 8.77827898e-08
4.389540204e-08 4.842157535e-06 8.423034017e-08
1.150445275e-09 4.996753283e-06 8.100825313e-08
7.592195205e-08 5.00842324e-06 8.082734031e-08
2.060928336e-07 4.928845943e-06 8.304779066e-08
3.266259061e-07 4.836120887e-06 8.50617787e-08
4.396278519e-07 4.74631e-06 8.668581069e-08
4.814461692e-07 4.775290599e-06 8.602193055e-08
4.404554168e-07 5.091732351e-06 7.90634829e-08
3.64223709e-07 5.575140827e-06 6.60209554e-08
2.711994429e-07 5.902512823e-06 5.433193787e-08
2.173244477e-07 5.893013083e-06 5.37458216e-08
1.970806615e-07 5.547564832e-06 6.513444511e-08
2.018688587e-07 4.927915246e-06 8.048763015e-08
1.658609591e-07 4.204986924e-06 9.363050512e-08
9.17104742e-08 3.762583253e-06 9.987973108e-08
1.065931287e-08 3.861368195e-06 9.842493911e-08
1.005235595e-07 4.255100574e-06 9.264439198e-08
2.370316958e-07 4.627679609e-06 8.656356773e-08
3.608216693e-07 4.872876265e-06 8.22126369e-08
4.635663417e-07 4.972126725e-06 8.035858607e-08
5.056767455e-07 4.966029231e-06 8.031881612e-08
4.874943116e-07 4.96937187e-06 7.95771252e-08
4.265832375e-07 5.010294605e-06 7.725846218e-08
3.250489243e-07 4.953435108e-06 7.694131121e-08
1.833608358e-07 4.706626896e-06 8.160647774e-08
1.685092949e-08 4.372432968e-06 8.792768562e-08
1.363546583e-07 4.146339312e-06 9.184481325e-08
2.56969232e-07 4.155289902e-06 9.196496209e-08
3.152800732e-07 4.380987089e-06 8.847793306e-08
3.624430002e-07 4.672853571e-06 8.286454232e-08
3.778322997e-07 4.861358572e-06 7.82445735e-08
3.778461709e-07 4.88191252e-06 7.674292082e-08
3.657094801e-07 4.781080241e-06 7.865693387e-08
3.552252445e-07 4.620576233e-06 8.199696534e-08
3.551324039e-07 4.424510748e-06 8.555299158e-08
3.91051092e-07 4.255693859e-06 8.83474937e-08
4.539200005e-07 4.224532948e-06 8.884253607e-08
5.082415681e-07 4.358213265e-06 8.638037475e-08
5.127642338e-07 4.560855895e-06 8.222285185e-08
4.720342686e-07 4.714891839e-06 7.885299071e-08
3.86073467e-07 4.752970006e-06 7.802283827e-08
3.026422827e-07 4.678250132e-06 8.014552304e-08
2.412073624e-07 4.525141296e-06 8.431729047e-08
1.890492784e-07 4.306237691e-06 8.937814796e-08
1.263267454e-07 4.044185781e-06 9.415390012e-08
4.372563988e-08 3.804152419e-06 9.781102502e-08
6.190985462e-08 3.632405629e-06 9.953911743e-08
1.936694606e-07 3.526165155e-06 9.950960928e-08
3.280007957e-07 3.490816893e-06 9.852330563e-08
4.624236423e-07 3.538530176e-06 9.726666056e-08
5.868808998e-07 3.650101482e-06 9.594648081e-08
6.8143617e-07 3.803527519e-06 9.369651229e-08
7.383198638e-07 4.00679754e-06 8.998188691e-08
7.720453551e-07 4.253167178e-06 8.506436627e-08
8.02176836e-07 4.469691602e-06 8.072132536e-08
8.298503318e-07 4.555874918e-06 7.887088206e-08
8.323803576e-07 4.455003779e-06 8.023570484e-08
7.869610416e-07 4.193756735e-06 8.446592169e-08
6.751621581e-07 3.896099504e-06 8.956827944e-08
4.923758051e-07 3.734955385e-06 9.292428565e-08
2.498484232e-07 3.790514924e-06 9.329359994e-08
2.81130395e-08 3.971915977e-06 9.129205655e-08
3.145913603e-07 4.141888866e-06 8.840822073e-08
5.62113409e-07 4.229069452e-06 8.624860548e-08
7.256848055e-07 4.214351874e-06 8.556796896e-08
7.869287174e-07 4.11169618e-06 8.644271147e-08
7.497577883e-07 3.985007984e-06 8.798996564e-08
6.344411905e-07 3.924509403e-06 8.919041793e-08
4.739654152e-07 3.989780851e-06 8.837649006e-08
2.974066491e-07 4.170376483e-06 8.473216525e-08
1.227087855e-07 4.368047291e-06 7.982972772e-08
4.090294549e-08 4.448934081e-06 7.747246886e-08
1.83755099e-07 4.36028141e-06 7.993402415e-08
3.036996602e-07 4.187599966e-06 8.464971217e-08
4.031483324e-07 4.078815093e-06 8.787138111e-08
4.836495194e-07 4.088807069e-06 8.85309504e-08
5.41634258e-07 4.126070874e-06 8.791451199e-08
5.603530717e-07 4.073912136e-06 8.806427147e-08
5.22606315e-07 3.910858601e-06 9.001095705e-08
4.267718363e-07 3.730979917e-06 9.268841496e-08
2.855912857e-07 3.693106576e-06 9.350555487e-08
1.211312288e-07 3.899995821e-06 9.04535612e-08
5.524061582e-08 4.294038499e-06 8.302759479e-08
1.754771096e-07 4.712170638e-06 7.313682753e-08
3.039325187e-07 5.018699352e-06 6.373256408e-08
4.000070556e-07 5.131918634e-06 5.9071157e-08
4.565442495e-07 5.044472258e-06 6.128069406e-08
4.630352542e-07 4.827814814e-06 6.690451097e-08
4.153758065e-07 4.588941528e-06 7.203436611e-08
3.128080777e-07 4.420735571e-06 7.532135544e-08
1.740103414e-07 4.373742146e-06 7.675215724e-08
2.239900994e-08 4.437617746e-06 7.586878151e-08
1.344700479e-07 4.545100638e-06 7.324584241e-08
2.754557737e-07 4.611247495e-06 7.082211338e-08
3.460135747e-07 4.574886898e-06 7.056605879e-08
3.724548089e-07 4.436907467e-06 7.318966449e-08
3.43638904e-07 4.276793247e-06 7.679738016e-08
2.612403167e-07 4.210548981e-06 7.866538424e-08
1.462358245e-07 4.283519264e-06 7.771503594e-08
9.825825091e-09 4.429286163e-06 7.518759788e-08
1.324742123e-07 4.556322179e-06 7.29716591e-08
2.539372608e-07 4.618434786e-06 7.199525155e-08
3.496778348e-07 4.616815638e-06 7.249481313e-08
4.105401918e-07 4.579863686e-06 7.35940116e-08
4.142435094e-07 4.531094904e-06 7.397902825e-08
3.49522084e-07 4.457720556e-06 7.418996535e-08
2.22215297e-07 4.332856736e-06 7.585339932e-08
5.658112157e-08 4.166216817e-06 7.908776075e-08
1.101960581e-07 4.0115044e-06 8.230029027e-08
2.463072127e-07 3.932008255e-06 8.412274163e-08
3.341999268e-07 3.978703019e-06 8.372558291e-08
3.727184873e-07 4.168143266e-06 8.041188294e-08
3.852631604e-07 4.445586335e-06 7.429492553e-08
3.9134469e-07 4.699358271e-06 6.754276732e-08
4.04106026e-07 4.830153748e-06 6.340759977e-08
4.238609785e-07 4.802812086e-06 6.373503572e-08
4.460727672e-07 4.647719507e-06 6.714678836e-08
4.632628086e-07 4.430101375e-06 7.083940173e-08
4.639132554e-07 4.212122683e-06 7.387892158e-08
4.340215403e-07 4.026867659e-06 7.66117137e-08
3.676461206e-07 3.887116123e-06 7.942655644e-08
2.715219185e-07 3.815459297e-06 8.163488244e-08
1.612765833e-07 3.835356809e-06 8.217720091e-08
5.498980531e-08 3.925426619e-06 8.083836979e-08
3.210943513e-08 4.015609943e-06 7.859969736e-08
9.14157514e-08 4.037867264e-06 7.722151328e-08
1.160615824e-07 3.968892053e-06 7.801699662e-08
9.846445693e-08 3.838364285e-06 8.038130671e-08
3.905629287e-08 3.710458368e-06 8.294352987e-08
4.191774536e-08 3.640407179e-06 8.449457079e-08
1.04843276e-07 3.627778501e-06 8.507722737e-08
1.2231745e-07 3.613352629e-06 8.55564278e-08
8.246054461e-08 3.542903798e-06 8.673940923e-08
3.2155214e-09 3.444064332e-06 8.840929431e-08
1.084448003e-07 3.424187364e-06 8.900987799e-08
2.13059528e-07 3.55679023e-06 8.726475938e-08
3.049150851e-07 3.783282884e-06 8.376511786e-08
3.748855483e-07 3.967307294e-06 8.032786179e-08
4.231503989e-07 4.004969389e-06 7.900863325e-08
4.53680125e-07 3.877245855e-06 8.066792871e-08
4.673887154e-07 3.648480225e-06 8.434702409e-08
4.615092765e-07 3.435306473e-06 8.770846788e-08
4.324460835e-07 3.349350552e-06 8.901078563e-08
3.79107411e-07 3.433421568e-06 8.774229135e-08
3.027623279e-07 3.646926863e-06 8.446958951e-08
2.208341716e-07 3.911011589e-06 7.98328324e-08
1.578292081e-07 4.154331463e-06 7.441009003e-08
8.408351896e-08 4.290461648e-06 7.042374161e-08
1.22737776e-08 4.302619949e-06 6.903106281e-08
3.594360963e-09 4.219455713e-06 7.037603489e-08
3.175782498e-08 4.063531986e-06 7.376739495e-08
1.181493842e-07 3.851326832e-06 7.779614819e-08
1.741065087e-07 3.627652869e-06 8.130713017e-08
1.496552042e-07 3.456318286e-06 8.393203736e-08
5.613989485e-08 3.416466316e-06 8.452460655e-08
9.375249555e-08 3.53594275e-06 8.252123452e-08
2.608042688e-07 3.763829179e-06 7.887817014e-08
3.926013053e-07 4.002379727e-06 7.478279688e-08
4.977507158e-07 4.166584146e-06 7.172057509e-08
6.07758135e-07 4.208965337e-06 7.056357584e-08
6.955977856e-07 4.131581218e-06 7.189573236e-08
7.270303455e-07 3.956966464e-06 7.530747937e-08
7.073862588e-07 3.749437618e-06 7.89607331e-08
6.684728473e-07 3.622883796e-06 8.087747221e-08
6.505010984e-07 3.663433171e-06 7.988074344e-08
6.442342484e-07 3.888031921e-06 7.599997313e-08
5.90241366e-07 4.205469484e-06 6.991810872e-08
4.565697978e-07 4.495643106e-06 6.311139219e-08
3.167797002e-07 4.668143289e-06 5.814425085e-08
2.347089479e-07 4.677290002e-06 5.761884495e-08
1.832289646e-07 4.557234609e-06 6.11550153e-08
1.165049203e-07 4.38576869e-06 6.562692719e-08
8.0893725e-08 4.271561154e-06 6.80400093e-08
6.352544209e-08 4.269281068e-06 6.773723256e-08
3.334863117e-08 4.344901423e-06 6.557063223e-08
1.686572095e-08 4.435450661e-06 6.297576815e-08
7.451604422e-09 4.471281198e-06 6.212506905e-08
6.154675466e-08 4.437146562e-06 6.305225758e-08
1.057952062e-07 4.335633037e-06 6.551008352e-08
1.188136316e-07 4.186049069e-06 6.834783764e-08
1.151353509e-07 4.01908406e-06 7.118285139e-08
1.192643876e-07 3.842840659e-06 7.434309435e-08
8.176099923e-08 3.657925232e-06 7.777712754e-08
2.847560738e-08 3.476237833e-06 8.105648085e-08
1.850878593e-07 3.352939685e-06 8.317665214e-08
3.559288322e-07 3.373933372e-06 8.284253686e-08
5.190365892e-07 3.585650058e-06 7.943142749e-08
6.727816235e-07 3.908891168e-06 7.339962016e-08
8.254226429e-07 4.193912698e-06 6.683629696e-08
9.401011349e-07 4.33576691e-06 6.265791388e-08
9.667309916e-07 4.311795554e-06 6.328472798e-08
8.818425529e-07 4.166661091e-06 6.734813552e-08
7.300995651e-07 3.987187518e-06 7.177876e-08
5.617458456e-07 3.84846735e-06 7.488051886e-08
3.852084873e-07 3.804292025e-06 7.590058963e-08
1.835808171e-07 3.871368331e-06 7.484727764e-08
4.681511947e-08 4.023707188e-06 7.181890348e-08
2.460157647e-07 4.207725097e-06 6.740065582e-08
3.757623544e-07 4.363259795e-06 6.297245212e-08
4.611690262e-07 4.443095829e-06 6.020657504e-08
5.445234902e-07 4.400849465e-06 6.074845273e-08
6.479149437e-07 4.283977585e-06 6.321692564e-08
6.633954095e-07 4.121664009e-06 6.684089993e-08
5.577496501e-07 3.936336791e-06 7.077298826e-08
4.700994017e-07 3.801560844e-06 7.325416165e-08
3.575657015e-07 3.789216933e-06 7.303706038e-08
2.250807231e-07 3.873130603e-06 7.06945805e-08
8.840854507e-08 3.98113717e-06 6.78543394e-08
8.145368071e-08 4.038604169e-06 6.658078834e-08
2.613647795e-07 4.015888748e-06 6.733016958e-08
3.99427481e-07 3.89216978e-06 7.012481452e-08
4.532386215e-07 3.70187247e-06 7.379233252e-08
4.628609342e-07 3.50708132e-06 7.705507364e-08
4.902410863e-07 3.344738464e-06 7.902510802e-08
5.206543574e-07 3.209833838e-06 8.004778185e-08
5.268601682e-07 3.113077116e-06 8.079004073e-08
4.867473022e-07 3.098944252e-06 8.050904156e-08
4.337158903e-07 3.192882153e-06 7.898124394e-08
3.819186117e-07 3.366299544e-06 7.634297645e-08
3.440390894e-07 3.578066195e-06 7.292342352e-08
2.666350614e-07 3.769375629e-06 6.9700885e-08
1.336880442e-07 3.882450485e-06 6.803020408e-08
3.97506216e-08 3.897788479e-06 6.868260381e-08
8.341095526e-09 3.844350823e-06 7.042952345e-08
5.571557118e-09 3.779202192e-06 7.186134234e-08
4.105492482e-08 3.759728993e-06 7.204967161e-08
9.420852478e-08 3.822068173e-06 7.074209788e-08
1.259649695e-07 3.940396018e-06 6.814966768e-08
1.58891897e-07 4.033105564e-06 6.593257104e-08
1.887232458e-07 4.031672578e-06 6.620744498e-08
1.989469994e-07 3.933874797e-06 6.874482652e-08
1.981021209e-07 3.786784615e-06 7.199038776e-08
2.063099875e-07 3.650612592e-06 7.440995118e-08
2.273892418e-07 3.561424803e-06 7.549055469e-08
2.539351448e-07 3.52222674e-06 7.547768175e-08
2.618296054e-07 3.498158139e-06 7.533704521e-08
2.113555697e-07 3.445193945e-06 7.595776906e-08
9.706564512e-08 3.346707828e-06 7.750939977e-08
5.232785386e-08 3.238363465e-06 7.938341198e-08
2.0311409e-07 3.188307035e-06 8.028323496e-08
3.308223042e-07 3.244125183e-06 7.924383129e-08
4.342555663e-07 3.379599335e-06 7.654018569e-08
5.087095872e-07 3.519790249e-06 7.344713728e-08
5.316851507e-07 3.583575121e-06 7.17274201e-08
4.877308255e-07 3.549326545e-06 7.220967752e-08
3.909331466e-07 3.479581556e-06 7.368018105e-08
2.564317329e-07 3.475813616e-06 7.397008193e-08
1.04950915e-07 3.600167565e-06 7.167621943e-08
4.826766011e-08 3.841604285e-06 6.624984571e-08
1.872749859e-07 4.112518193e-06 5.92141358e-08
3.073317678e-07 4.311648019e-06 5.319821261e-08
3.920938736e-07 4.36722573e-06 5.175096366e-08
4.349935573e-07 4.26458413e-06 5.552886388e-08
4.395757527e-07 4.044660808e-06 6.165507934e-08
4.028961419e-07 3.781274337e-06 6.73452947e-08
3.382449899e-07 3.555025007e-06 7.128337371e-08
2.525264947e-07 3.421397529e-06 7.327558701e-08
1.456653771e-07 3.396669435e-06 7.354540784e-08
3.923647717e-08 3.463744347e-06 7.258164904e-08
5.004372293e-08 3.59165442e-06 7.075327688e-08
1.257353143e-07 3.74468622e-06 6.80684697e-08
1.825777062e-07 3.880629477e-06 6.499873335e-08
2.257992836e-07 3.966249775e-06 6.303072219e-08
2.480923652e-07 3.987379503e-06 6.296343111e-08
2.45707847e-07 3.940782207e-06 6.433845241e-08
2.30396313e-07 3.838709938e-06 6.650819118e-08
2.175762104e-07 3.720480163e-06 6.867399457e-08
1.958044205e-07 3.640364674e-06 7.000982095e-08
1.618776456e-07 3.634870605e-06 7.017082536e-08
1.207298247e-07 3.696149966e-06 6.92109715e-08
9.282626458e-08 3.773523002e-06 6.774090067e-08
9.266457815e-08 3.808916769e-06 6.675710788e-08
1.196605162e-07 3.772547189e-06 6.698621936e-08
1.556412168e-07 3.669492213e-06 6.850307859e-08
1.831442644e-07 3.525700082e-06 7.084535282e-08
1.876982384e-07 3.377506629e-06 7.349382331e-08
1.760524064e-07 3.270571459e-06 7.5467068e-08
1.660857715e-07 3.248959278e-06 7.603503204e-08
1.669309866e-07 3.330538293e-06 7.472843943e-08
1.758746733e-07 3.50220312e-06 7.157351463e-08
1.860592135e-07 3.728215398e-06 6.688607058e-08
1.937348183e-07 3.950458818e-06 6.157749895e-08
1.941381273e-07 4.100365756e-06 5.751477537e-08
1.847512622e-07 4.131357945e-06 5.668782131e-08
1.681570572e-07 4.043370766e-06 5.895908694e-08
1.525917795e-07 3.877883227e-06 6.263051321e-08
1.459315103e-07 3.696296644e-06 6.625371695e-08
1.489725687e-07 3.55410408e-06 6.886798004e-08
1.524429937e-07 3.476238741e-06 7.029135626e-08
1.475659913e-07 3.450341519e-06 7.062289929e-08
1.346830686e-07 3.449266358e-06 7.027141062e-08
1.215290745e-07 3.457511765e-06 6.965632538e-08
1.1922512e-07 3.473229966e-06 6.905660317e-08
1.365482988e-07 3.498039541e-06 6.855312887e-08
1.724510495e-07 3.528965894e-06 6.832782608e-08
2.213343866e-07 3.544501396e-06 6.868769494e-08
2.793869588e-07 3.504148413e-06 6.990681905e-08
3.419987878e-07 3.380119634e-06 7.202447964e-08
4.009533398e-07 3.192821158e-06 7.449497021e-08
4.424879074e-07 3.012761999e-06 7.640938485e-08
4.51453205e-07 2.925489896e-06 7.701751813e-08
4.204910788e-07 2.980046893e-06 7.586432911e-08
3.500584633e-07 3.149923479e-06 7.327234624e-08
2.40899693e-07 3.348131095e-06 7.031576241e-08
9.273345814e-08 3.485885833e-06 6.8550947e-08
9.173711286e-08 3.523987056e-06 6.85115137e-08
3.023092175e-07 3.493112292e-06 6.919182851e-08
5.195435818e-07 3.470687906e-06 6.921899965e-08
7.218265693e-07 3.522782646e-06 6.772845836e-08
8.929694249e-07 3.654903889e-06 6.472925794e-08
1.022261866e-06 3.81216383e-06 6.111623835e-08
1.10030496e-06 3.922288442e-06 5.822130791e-08
1.116724772e-06 3.941326138e-06 5.758995383e-08
1.063957138e-06 3.868268449e-06 5.964729066e-08
9.432085534e-07 3.729034943e-06 6.332206714e-08
7.674159921e-07 3.554384936e-06 6.716000004e-08
5.595539335e-07 3.365435878e-06 7.051293593e-08
3.457047186e-07 3.164144954e-06 7.357478398e-08
1.466958286e-07 2.936073679e-06 7.675720002e-08
2.537439255e-08 2.6763001e-06 8.005353189e-08
1.653111355e-07 2.427172728e-06 8.284487983e-08
2.725253528e-07 2.293192352e-06 8.424914035e-08
3.48254743e-07 2.381464287e-06 8.314645743e-08
4.073024214e-07 2.667310698e-06 7.973395138e-08
4.243839506e-07 3.047410796e-06 7.440482906e-08
4.116336184e-07 3.402513139e-06 6.854562624e-08
3.997426514e-07 3.659407032e-06 6.36006473e-08
3.856245611e-07 3.796211424e-06 6.079853588e-08
3.695789648e-07 3.832083469e-06 5.980195066e-08
3.781737794e-07 3.807112142e-06 5.979647274e-08
4.124716645e-07 3.758720855e-06 6.051999879e-08
4.498941834e-07 3.714187055e-06 6.128350269e-08
4.959517645e-07 3.683206203e-06 6.174000848e-08
5.304840986e-07 3.661947786e-06 6.200642854e-08
5.496604653e-07 3.644007576e-06 6.201461962e-08
5.319678797e-07 3.627465037e-06 6.191346643e-08
4.789915419e-07 3.607724772e-06 6.181078237e-08
4.036365585e-07 3.575531159e-06 6.204780724e-08
3.06542445e-07 3.518454003e-06 6.296054252e-08
1.92704122e-07 3.432899351e-06 6.432855078e-08
6.943746007e-08 3.335306277e-06 6.600781626e-08
6.834845963e-08 3.263903448e-06 6.760245593e-08
2.074687944e-07 3.259488344e-06 6.819564523e-08
3.29057386e-07 3.337744946e-06 6.737277868e-08
4.41159019e-07 3.473006272e-06 6.506601131e-08
5.387272242e-07 3.611338328e-06 6.206923392e-08
5.948283296e-07 3.701576056e-06 5.948822716e-08
6.100200447e-07 3.711077184e-06 5.859001714e-08
6.171673433e-07 3.635654875e-06 5.99002885e-08
5.848456734e-07 3.497373915e-06 6.276735866e-08
5.270605433e-07 3.338690644e-06 6.585455025e-08
4.592034985e-07 3.205890238e-06 6.836756627e-08
3.807322017e-07 3.139037149e-06 6.969647132e-08
3.069270378e-07 3.164083932e-06 6.948232235e-08
2.512878078e-07 3.282919131e-06 6.780743786e-08
1.977761785e-07 3.468735145e-06 6.48003736e-08
1.414728142e-07 3.671598664e-06 6.084771859e-08
7.979137973e-08 3.835373939e-06 5.692211829e-08
1.533865261e-08 3.921494627e-06 5.439643842e-08
6.673526639e-08 3.923759017e-06 5.400616609e-08
1.501156831e-07 3.867431023e-06 5.507750914e-08
2.275888587e-07 3.792037247e-06 5.664268432e-08
2.923863998e-07 3.729928614e-06 5.807334472e-08
3.389232556e-07 3.69049198e-06 5.910234756e-08
3.653912958e-07 3.65895457e-06 5.998776562e-08
3.721726845e-07 3.611813763e-06 6.115816005e-08
3.589491788e-07 3.539270043e-06 6.273954327e-08
3.200881538e-07 3.456960865e-06 6.410881336e-08
2.625864792e-07 3.398504035e-06 6.462400082e-08
1.91002954e-07 3.392526571e-06 6.399416151e-08
1.046190291e-07 3.440406823e-06 6.253449087e-08
1.287033881e-08 3.512497928e-06 6.096524863e-08
7.809697057e-08 3.570797102e-06 5.985921947e-08
1.640429928e-07 3.595888929e-06 5.944838919e-08
2.400507902e-07 3.595934777e-06 5.94216717e-08
3.019042721e-07 3.589680704e-06 5.955839704e-08
3.427674446e-07 3.583151714e-06 5.965745858e-08
3.651905088e-07 3.556980892e-06 6.001606775e-08
3.757460447e-07 3.471809792e-06 6.155623987e-08
3.749276927e-07 3.287615035e-06 6.524496552e-08
3.543563313e-07 2.99113178e-06 7.093353163e-08
3.066442021e-07 2.622352368e-06 7.691737668e-08
2.296685615e-07 2.290088431e-06 8.130756923e-08
1.265083645e-07 2.148711943e-06 8.292245204e-08
6.791769102e-09 2.279870015e-06 8.143233265e-08
1.245065568e-07 2.605204605e-06 7.721990736e-08
2.629158039e-07 2.988087323e-06 7.133342161e-08
3.940397853e-07 3.340343999e-06 6.496150293e-08
5.112498318e-07 3.626026731e-06 5.896675112e-08
6.002069476e-07 3.833818109e-06 5.396804934e-08
6.550190346e-07 3.9577301e-06 5.064865653e-08
6.775796714e-07 3.992716995e-06 4.972853827e-08
6.655781653e-07 3.936566324e-06 5.139258722e-08
6.16820075e-07 3.792159514e-06 5.503332383e-08
5.310234115e-07 3.574353834e-06 5.974824749e-08
4.163122987e-07 3.320250322e-06 6.451026972e-08
2.796479241e-07 3.092137538e-06 6.840621925e-08
1.303908707e-07 2.950435768e-06 7.067604402e-08
1.734840879e-08 2.912932853e-06 7.14221114e-08
1.492174302e-07 2.939523314e-06 7.120366308e-08
2.566115263e-07 2.9649661e-06 7.076774626e-08
3.298197225e-07 2.944828009e-06 7.087551815e-08
3.623914266e-07 2.881973834e-06 7.167484287e-08
3.574854024e-07 2.826677848e-06 7.246812186e-08
3.229667033e-07 2.847398454e-06 7.222091723e-08
2.617495995e-07 2.979845338e-06 7.027596406e-08
1.822289621e-07 3.195821172e-06 6.664735342e-08
8.729464443e-08 3.424435199e-06 6.210557161e-08
1.427287723e-08 3.59707035e-06 5.799592413e-08
1.153409936e-07 3.676166043e-06 5.562235425e-08
2.077713311e-07 3.660083977e-06 5.550688936e-08
2.873104989e-07 3.572483641e-06 5.723340321e-08
3.531889049e-07 3.448370511e-06 5.9945457e-08
4.037249308e-07 3.32560506e-06 6.24919789e-08
4.35266253e-07 3.23973527e-06 6.409525908e-08
4.474492901e-07 3.215894118e-06 6.44071767e-08
4.448198946e-07 3.260472299e-06 6.331186377e-08
4.334180936e-07 3.36004374e-06 6.101522334e-08
4.172298127e-07 3.486934565e-06 5.802196035e-08
3.999843649e-07 3.606992508e-06 5.505295441e-08
3.820903494e-07 3.688064052e-06 5.2873377e-08
3.654405011e-07 3.707123307e-06 5.227925306e-08
3.548542419e-07 3.654197246e-06 5.362809545e-08
3.511341147e-07 3.534207726e-06 5.657087516e-08
3.47896097e-07 3.367482085e-06 6.014371585e-08
3.359920019e-07 3.186662595e-06 6.340085735e-08
3.082480078e-07 3.029749547e-06 6.577132231e-08
2.622350184e-07 2.930945762e-06 6.691532916e-08
1.994988771e-07 2.910093194e-06 6.688448499e-08
1.233912845e-07 2.963486136e-06 6.607483549e-08
3.957768817e-08 3.063885074e-06 6.477239806e-08
4.43178434e-08 3.173932468e-06 6.340440431e-08
1.200278556e-07 3.264148812e-06 6.224966381e-08
1.816330928e-07 3.325751523e-06 6.131352031e-08
2.291419943e-07 3.374332505e-06 6.040139144e-08
2.659275888e-07 3.441417453e-06 5.890026237e-08
2.937691414e-07 3.553230709e-06 5.6166669e-08
3.106201918e-07 3.7078821e-06 5.22333424e-08
3.132269934e-07 3.870007658e-06 4.786349977e-08
2.982103036e-07 3.98656102e-06 4.468363304e-08
2.634265689e-07 4.009759381e-06 4.417275553e-08
2.032568914e-07 3.915054699e-06 4.674495427e-08
1.163867439e-07 3.710694177e-06 5.206794447e-08
4.242456226e-09 3.43865204e-06 5.825016707e-08
1.286831807e-07 3.165784736e-06 6.350235218e-08
2.701647589e-07 2.964465823e-06 6.688104879e-08
4.119346422e-07 2.884893973e-06 6.816426542e-08
5.460365481e-07 2.93392505e-06 6.75079283e-08
6.668942005e-07 3.081036377e-06 6.525941653e-08
7.725865248e-07 3.283218798e-06 6.173975933e-08
8.601355824e-07 3.500952327e-06 5.732865058e-08
9.26739048e-07 3.699224227e-06 5.253186675e-08
9.67876249e-07 3.844839969e-06 4.82385888e-08
9.799878727e-07 3.907752696e-06 4.586220323e-08
9.601343481e-07 3.867417595e-06 4.664014176e-08
9.08081704e-07 3.721417964e-06 5.048968212e-08
8.261367563e-07 3.491806935e-06 5.599414883e-08
7.204651851e-07 3.223910206e-06 6.149243098e-08
6.002843461e-07 2.97357269e-06 6.576185206e-08
4.737351027e-07 2.784488487e-06 6.83902638e-08
3.45577554e-07 2.669103556e-06 6.966871008e-08
2.190405099e-07 2.612009343e-06 7.009169038e-08
9.583240303e-08 2.594153302e-06 6.995460698e-08
2.175267106e-08 2.61318059e-06 6.923936979e-08
1.294442682e-07 2.681988943e-06 6.780322819e-08
2.241815283e-07 2.80983188e-06 6.560890307e-08
3.035364011e-07 2.985752515e-06 6.282155201e-08
3.661073771e-07 3.180071571e-06 5.977685751e-08
4.105041303e-07 3.359075594e-06 5.70185659e-08
4.372165096e-07 3.499383575e-06 5.47763263e-08
4.487607493e-07 3.594466937e-06 5.300564524e-08
4.482789071e-07 3.651210803e-06 5.168927881e-08
4.373115537e-07 3.678686772e-06 5.07828867e-08
4.164917675e-07 3.676438702e-06 5.047568349e-08
3.851366632e-07 3.631074918e-06 5.14462596e-08
3.431694022e-07 3.524229618e-06 5.415920368e-08
2.907092906e-07 3.347259736e-06 5.83574587e-08
2.278649319e-07 3.115448086e-06 6.298221345e-08
1.546461019e-07 2.875430599e-06 6.696795141e-08
7.292146953e-08 2.697740302e-06 6.953240137e-08
1.306206747e-08 2.644093279e-06 7.035101518e-08
9.740576696e-08 2.721753555e-06 6.953599483e-08
1.738481194e-07 2.875295257e-06 6.764963684e-08
2.371615557e-07 3.027352475e-06 6.557222016e-08
2.838127243e-07 3.118183399e-06 6.422349328e-08
3.128472019e-07 3.119204985e-06 6.43537564e-08
3.260138996e-07 3.030503586e-06 6.603673677e-08
3.269870108e-07 2.87407898e-06 6.866464873e-08
3.204862597e-07 2.688067144e-06 7.122731563e-08
3.108403008e-07 2.521012172e-06 7.302652413e-08
3.008469127e-07 2.420803594e-06 7.376248072e-08
2.921821839e-07 2.416867469e-06 7.342606815e-08
2.854608265e-07 2.507962003e-06 7.206031458e-08
2.801114228e-07 2.668962502e-06 6.972498524e-08
2.74386307e-07 2.8680372e-06 6.646907223e-08
2.65572564e-07 3.077755714e-06 6.252359791e-08
2.498827422e-07 3.277537566e-06 5.822284786e-08
2.23554367e-07 3.452458026e-06 5.400191277e-08
1.843348375e-07 3.591518232e-06 5.037430319e-08
1.326641599e-07 3.686202148e-06 4.786088966e-08
7.183106535e-08 3.729512708e-06 4.666861955e-08
6.816851271e-09 3.715710566e-06 4.702404213e-08
5.702023716e-08 3.641179185e-06 4.891149068e-08
1.150740456e-07 3.506345053e-06 5.193386804e-08
1.642495474e-07 3.317650149e-06 5.569932918e-08
2.026896584e-07 3.08875241e-06 6.001531014e-08
2.291964728e-07 2.841248009e-06 6.431704036e-08
2.427543453e-07 2.605549129e-06 6.796679614e-08
2.426780639e-07 2.421264956e-06 7.054340863e-08
2.29263806e-07 2.33346915e-06 7.171820555e-08
2.046376454e-07 2.378309535e-06 7.119094512e-08
1.732479211e-07 2.560231128e-06 6.874270809e-08
1.410062475e-07 2.842773859e-06 6.439806258e-08
1.136166794e-07 3.164465974e-06 5.852120979e-08
9.504496578e-08 3.462336655e-06 5.196368794e-08
8.678848004e-08 3.687942077e-06 4.616864537e-08
8.812710607e-08 3.814682473e-06 4.252586869e-08
9.727200085e-08 3.838799841e-06 4.175904677e-08
1.125808412e-07 3.775633639e-06 4.363429483e-08
1.332445595e-07 3.652273068e-06 4.702888919e-08
1.594625834e-07 3.49863766e-06 5.079547892e-08
1.919748982e-07 3.340415113e-06 5.426646615e-08
2.311608349e-07 3.196879354e-06 5.711499382e-08
2.761914913e-07 3.083289566e-06 5.918038703e-08
3.247787551e-07 3.013493411e-06 6.051033089e-08
3.737131365e-07 2.997585991e-06 6.098909387e-08
4.195521869e-07 3.034668737e-06 6.067089398e-08
4.589342464e-07 3.108251521e-06 5.972523373e-08
4.885500776e-07 3.191362578e-06 5.841553259e-08
5.048901439e-07 3.258669413e-06 5.706598209e-08
5.040726182e-07 3.296958329e-06 5.604144677e-08
4.822542652e-07 3.308392834e-06 5.552121011e-08
4.366640908e-07 3.30581737e-06 5.536570297e-08
3.667270894e-07 3.302227865e-06 5.544150429e-08
2.748211524e-07 3.29960713e-06 5.576932618e-08
1.663450141e-07 3.284763492e-06 5.645489133e-08
4.89024462e-08 3.236179607e-06 5.769343934e-08
6.902871884e-08 3.137624665e-06 5.965498925e-08
1.792603497e-07 2.990532102e-06 6.22039041e-08
2.746840523e-07 2.819742506e-06 6.482115874e-08
3.499105266e-07 2.669784045e-06 6.683069396e-08
4.017372061e-07 2.589187699e-06 6.763424225e-08
4.293055801e-07 2.605880695e-06 6.695362213e-08
4.339124689e-07 2.711233447e-06 6.496074777e-08
4.184901552e-07 2.868867371e-06 6.20715445e-08
3.869582531e-07 3.036705855e-06 5.884682717e-08
3.437941034e-07 3.181804039e-06 5.583451174e-08
2.939467662e-07 3.283787634e-06 5.359729745e-08
2.428113957e-07 3.332407857e-06 5.261449011e-08
1.959821451e-07 3.324352669e-06 5.291014e-08
1.587270353e-07 3.262329784e-06 5.428581044e-08
1.351245324e-07 3.157154583e-06 5.638585472e-08
1.268548884e-07 3.030908866e-06 5.873882679e-08
1.32033144e-07 2.916895447e-06 6.080199097e-08
1.44775935e-07 2.851393472e-06 6.205492497e-08
1.559258796e-07 2.856813271e-06 6.214612425e-08
1.548485401e-07 2.927291694e-06 6.108643902e-08
1.318213591e-07 3.03128778e-06 5.934658913e-08
8.024174212e-08 3.129139539e-06 5.766088691e-08
1.998088933e-09 3.190406242e-06 5.66638775e-08
1.12144563e-07 3.202317684e-06 5.659416249e-08
2.431074736e-07 3.169895298e-06 5.735860774e-08
3.846246138e-07 3.110303857e-06 5.849894077e-08
5.246629382e-07 3.043414739e-06 5.9763346e-08
6.50700344e-07 2.981617745e-06 6.111489102e-08
7.507555017e-07 2.923638806e-06 6.248420736e-08
8.142316906e-07 2.855807008e-06 6.396558807e-08
8.327784629e-07 2.759539059e-06 6.57125067e-08
8.013065497e-07 2.620701365e-06 6.766552167e-08
7.189690276e-07 2.437947318e-06 6.974043594e-08
5.896539571e-07 2.230351537e-06 7.16969024e-08
4.216342063e-07 2.04497338e-06 7.30823366e-08
2.264516527e-07 1.956339135e-06 7.343467884e-08
1.746947826e-08 2.034090671e-06 7.228484764e-08
1.914866883e-07 2.285341429e-06 6.926676928e-08
3.871930277e-07 2.648444124e-06 6.428119067e-08
5.577947118e-07 3.041513725e-06 5.760314744e-08
6.934017629e-07 3.395185337e-06 5.000917987e-08
7.846434157e-07 3.660222624e-06 4.290289802e-08
8.308963486e-07 3.806075247e-06 3.834836355e-08
8.331263722e-07 3.822811935e-06 3.803135808e-08
7.820689318e-07 3.717960159e-06 4.155488392e-08
6.853186687e-07 3.514529403e-06 4.720114569e-08
5.532553204e-07 3.248593641e-06 5.343739806e-08
3.945428101e-07 2.966735595e-06 5.895088527e-08
2.170348597e-07 2.721113592e-06 6.305293635e-08
3.556237126e-08 2.55812823e-06 6.548373166e-08
1.415239503e-07 2.499757675e-06 6.62361036e-08
3.018710621e-07 2.53092833e-06 6.562580608e-08
4.317836941e-07 2.61057123e-06 6.416891382e-08
5.297308769e-07 2.69784607e-06 6.250819262e-08
5.956777083e-07 2.770401568e-06 6.12246211e-08
6.225637912e-07 2.82732748e-06 6.043059472e-08
6.168612066e-07 2.881025619e-06 5.986149875e-08
5.821372527e-07 2.944707973e-06 5.912196361e-08
5.23789339e-07 3.021178018e-06 5.792932499e-08
4.471653284e-07 3.099846089e-06 5.63490775e-08
3.580571805e-07 3.16240645e-06 5.482095936e-08
2.5858208e-07 3.193027298e-06 5.388000095e-08
1.582906377e-07 3.18662108e-06 5.376085351e-08
6.161903182e-08 3.151709288e-06 5.436570401e-08
2.78702268e-08 3.107143177e-06 5.518867368e-08
1.096062381e-07 3.07396315e-06 5.576893795e-08
1.823847449e-07 3.066962054e-06 5.589027356e-08
2.466939971e-07 3.090806247e-06 5.55546599e-08
3.016002414e-07 3.142133308e-06 5.478127825e-08
3.4794211e-07 3.214369753e-06 5.350595985e-08
3.8406454e-07 3.300713581e-06 5.173520404e-08
4.112681163e-07 3.392943044e-06 4.961278764e-08
4.325315851e-07 3.478257823e-06 4.744222223e-08
4.485819923e-07 3.537948904e-06 4.573354875e-08
4.588959144e-07 3.550758947e-06 4.511830183e-08
4.619189554e-07 3.500574901e-06 4.631343289e-08
4.573724813e-07 3.385072558e-06 4.925389549e-08
4.447698181e-07 3.22105217e-06 5.298507615e-08
4.225708607e-07 3.043420574e-06 5.647920376e-08
3.864090219e-07 2.896253251e-06 5.893073406e-08
3.326438912e-07 2.815390396e-06 5.999117137e-08
2.653838313e-07 2.813018228e-06 5.970208836e-08
1.822305764e-07 2.872681223e-06 5.841315943e-08
8.870296504e-08 2.962935983e-06 5.667314102e-08
9.186082274e-09 3.054383725e-06 5.504534507e-08
1.075939771e-07 3.129011892e-06 5.395994557e-08
1.970578782e-07 3.180333341e-06 5.343159666e-08
2.708326895e-07 3.208696721e-06 5.329479209e-08
3.232864431e-07 3.216097693e-06 5.337544679e-08
3.524388965e-07 3.20356249e-06 5.346967057e-08
3.567045973e-07 3.171985928e-06 5.359373374e-08
3.389138505e-07 3.124125644e-06 5.387935034e-08
3.018227279e-07 3.065402059e-06 5.450533259e-08
2.500225626e-07 3.002532293e-06 5.540078042e-08
1.906091342e-07 2.940972089e-06 5.640565125e-08
1.322510243e-07 2.883521452e-06 5.74428606e-08
8.237651225e-08 2.832110225e-06 5.843525671e-08
4.560947095e-08 2.791926446e-06 5.925185448e-08
2.744368887e-08 2.774974571e-06 5.966097166e-08
2.419882556e-08 2.798082818e-06 5.929218038e-08
4.141284784e-08 2.872667741e-06 5.791909461e-08
7.022674931e-08 2.994548048e-06 5.550293659e-08
1.091062796e-07 3.140987739e-06 5.230222069e-08
1.558126023e-07 3.277525076e-06 4.893809818e-08
1.998226303e-07 3.369059745e-06 4.629315175e-08
2.411359902e-07 3.3888833e-06 4.5392509e-08
2.789745189e-07 3.323377595e-06 4.68786947e-08
3.101414324e-07 3.173376842e-06 5.043415189e-08
3.329676391e-07 2.953732691e-06 5.508699626e-08
3.498160224e-07 2.692200004e-06 5.982875362e-08
3.619433666e-07 2.427969997e-06 6.388537193e-08
3.722662764e-07 2.208233558e-06 6.685616988e-08
3.812813752e-07 2.078509078e-06 6.856277429e-08
3.879644171e-07 2.064020084e-06 6.899224687e-08
3.908519875e-07 2.155104725e-06 6.821265996e-08
3.889885308e-07 2.315560932e-06 6.633662775e-08
3.793414564e-07 2.504801808e-06 6.369796361e-08
3.608350881e-07 2.691920553e-06 6.066505873e-08
3.317966018e-07 2.85840046e-06 5.755089708e-08
2.902760143e-07 2.995820674e-06 5.466595038e-08
2.384164243e-07 3.102481752e-06 5.225278545e-08
1.795680149e-07 3.180378226e-06 5.04514029e-08
1.17343145e-07 3.233188423e-06 4.935869015e-08
4.910022138e-08 3.264480738e-06 4.87565841e-08
1.834084321e-08 3.276841566e-06 4.845340376e-08
8.391790825e-08 3.270272848e-06 4.844594076e-08
1.439771208e-07 3.241645439e-06 4.877869843e-08
1.937150898e-07 3.185960095e-06 4.972411463e-08
2.309844832e-07 3.100036093e-06 5.146734326e-08
2.54847449e-07 2.987434414e-06 5.370329494e-08
2.623222657e-07 2.862423718e-06 5.606284745e-08
2.536123583e-07 2.74967267e-06 5.811171761e-08
2.308776e-07 2.6768357e-06 5.939962356e-08
1.985855824e-07 2.660795244e-06 5.964518846e-08
1.619534278e-07 2.696231953e-06 5.892766523e-08
1.247009439e-07 2.757333866e-06 5.764850956e-08
8.807241039e-08 2.811957884e-06 5.648073371e-08
5.208559793e-08 2.837055894e-06 5.600615434e-08
1.578144988e-08 2.827114471e-06 5.639295003e-08
2.259457099e-08 2.79425553e-06 5.720410076e-08
6.503637816e-08 2.761550974e-06 5.783625704e-08
1.138408417e-07 2.752013262e-06 5.78707064e-08
1.701988855e-07 2.778355569e-06 5.721507111e-08
2.336796799e-07 2.839738113e-06 5.584828657e-08
3.015429311e-07 2.92677013e-06 5.396441394e-08
3.708906906e-07 3.029099435e-06 5.187254562e-08
4.387997647e-07 3.139079634e-06 4.968972962e-08
5.05307646e-07 3.251436526e-06 4.744967055e-08
5.595807849e-07 3.353477432e-06 4.525092645e-08
6.053268364e-07 3.433353348e-06 4.348021765e-08
6.589166178e-07 3.480330358e-06 4.238866757e-08
6.905302177e-07 3.487172596e-06 4.222693851e-08
6.897189419e-07 3.452441926e-06 4.311993208e-08
6.703985646e-07 3.382889438e-06 4.499156005e-08
6.386328757e-07 3.290617656e-06 4.747033553e-08
5.965166413e-07 3.188018873e-06 4.983486201e-08
5.364041529e-07 3.082185305e-06 5.205237642e-08
4.487907941e-07 2.974685812e-06 5.430055746e-08
3.37244903e-07 2.866400391e-06 5.648743085e-08
2.200088759e-07 2.761166073e-06 5.845674495e-08
1.16958531e-07 2.670629681e-06 6.008654795e-08
1.67492893e-08 2.615058225e-06 6.110326856e-08
9.146419052e-08 2.613315416e-06 6.120716427e-08
2.03749804e-07 2.67147479e-06 6.029136063e-08
3.011366552e-07 2.778598022e-06 5.852421802e-08
3.699177533e-07 2.909784469e-06 5.611317416e-08
4.134992027e-07 3.039582989e-06 5.336262968e-08
4.409190957e-07 3.143921301e-06 5.079792847e-08
4.631521417e-07 3.206288821e-06 4.893123435e-08
4.593277949e-07 3.218129609e-06 4.804234368e-08
4.153209104e-07 3.171810805e-06 4.847695852e-08
3.337710393e-07 3.073420082e-06 5.026872046e-08
2.416623418e-07 2.935483601e-06 5.28729232e-08
1.466108133e-07 2.784307149e-06 5.569197642e-08
4.297284228e-08 2.65986915e-06 5.781829888e-08
8.054777638e-08 2.604646756e-06 5.870063902e-08
2.069888042e-07 2.644388654e-06 5.805149334e-08
3.258223968e-07 2.766066378e-06 5.598770438e-08
4.242714712e-07 2.928854821e-06 5.291449509e-08
4.9335083e-07 3.084213512e-06 4.969027001e-08
5.470001985e-07 3.195224563e-06 4.737559524e-08
5.804989788e-07 3.244272658e-06 4.64723997e-08
5.896450046e-07 3.233794937e-06 4.683206192e-08
5.636599183e-07 3.181317373e-06 4.792823895e-08
5.085433019e-07 3.112251289e-06 4.935988783e-08
4.430351003e-07 3.05054266e-06 5.062761014e-08
3.718700993e-07 3.008764414e-06 5.142274747e-08
2.991772883e-07 2.984192488e-06 5.193219606e-08
2.276716583e-07 2.960783745e-06 5.244674798e-08
1.587484925e-07 2.918958673e-06 5.323679719e-08
9.83785994e-08 2.844010368e-06 5.456846919e-08
6.471845075e-08 2.731379852e-06 5.649575553e-08
5.365778855e-08 2.591184027e-06 5.873775987e-08
4.873661195e-08 2.445072042e-06 6.091692066e-08
5.911453174e-08 2.323096169e-06 6.258692892e-08
8.546808243e-08 2.252867329e-06 6.342621512e-08
1.079840991e-07 2.247277442e-06 6.332711178e-08
1.301296477e-07 2.298597861e-06 6.250453153e-08
1.498086054e-07 2.3834618e-06 6.124722759e-08
1.541627003e-07 2.476404731e-06 5.990462761e-08
1.471185278e-07 2.557942345e-06 5.882964489e-08
1.295705304e-07 2.617381608e-06 5.812535368e-08
1.003136849e-07 2.653167675e-06 5.771698807e-08
6.189209236e-08 2.670317095e-06 5.745780616e-08
1.678526623e-08 2.678243249e-06 5.719893545e-08
3.297019793e-08 2.688603934e-06 5.684068684e-08
4.973649446e-09 2.358325419e-07 5.713291277e-09
