5.764129702,8.141880286
3.880839234,11.3834888
3.214869845,8.265966632
2.697732578,8.922720908
2.411079499,7.121595531
2.162244238,5.359369238
1.943142531,3.996908797
1.761848623,3.014454711
1.608815519,2.615048506
1.48285512,2.253950839
1.374792586,1.826038232
1.274126625,1.719519264
1.189734894,1.590267487
1.115868859,1.341032457
1.049874385,1.230539241
0.9910117376,0.983879226
0.9400510329,1.002100567
0.8942691923,0.9073900136
0.8531665399,0.8273753477
0.8165539465,0.782178718
0.7824504614,0.7436905304
0.7515075051,0.8233273398
0.7231219926,0.7236747529
0.6969625576,0.6924381017
0.6729520778,0.7116838714
0.6504720048,0.7051121282
0.6298930113,0.5878367909
0.6101317119,0.5441715792
0.591623926,0.5331916448
0.5741235628,0.5447342297
0.5574251178,0.5402868354
0.5416553597,0.492842963
0.526797232,0.4501695297
0.5128293813,0.422727942
0.4997298754,0.4054247932
0.4871086846,0.3798243869
0.4750355403,0.3418386983
0.4634068269,0.3054965795
0.4523605565,0.3014660371
0.4417878318,0.3150644762
0.4317887925,0.3403032792
0.4223180057,0.3429610753
0.4133327375,0.3238181766
0.4049497173,0.3087158495
0.3968952691,0.3145212914
0.3889217226,0.2933312321
0.3812134179,0.2671089768
0.3737698747,0.2393428179
0.3666063197,0.2320363423
0.3597767823,0.2280286093
0.3532173135,0.2268616977
0.3469156639,0.2141971301
0.3408824493,0.2002883667
0.3349603164,0.1878930066
0.3292444445,0.1898346972
0.323692636,0.1917202374
0.3183041051,0.1804172706
0.3131933238,0.1707835489
0.308285516,0.1652055679
0.303551693,0.1710878571
0.2990218796,0.1718263671
0.2945439042,0.1582392318
0.2902427344,0.1734699164
0.2860601948,0.166665578
0.2819460296,0.159862933
0.2778419485,0.1646828041
0.2738435495,0.1696054979
0.2700039191,0.1639770487
0.2663038095,0.1470724278
0.2626708879,0.1430940522
0.2591230157,0.1465616524
0.2557342869,0.1399994421
0.2524492801,0.1341319396
0.2492142836,0.1314504732
0.2460588797,0.125912648
0.2429434793,0.124049292
0.2399122321,0.1257732989
0.2369665323,0.1097737791
0.2341356389,0.1067514311
0.2313910793,0.1037423899
0.2286934025,0.1087931681
0.226051714,0.1004677605
0.2234541754,0.09705494327
0.2209100371,0.09750045315
0.2184301579,0.0986452168
0.2159869297,0.1038315995
0.2135833501,0.09450880692
0.2112348399,0.08657086263
0.2089404224,0.08419176156
0.2067023732,0.08602478562
0.2045277478,0.0909982682
0.2023834231,0.08462742867
0.2002814998,0.08201419042
0.1982388092,0.08421578448
0.1962594702,0.08228047948
0.1943064868,0.08043627772
0.1923868042,0.07645147046
0.190508341,0.07623371092
0.1886857778,0.07407552025
0.1868885058,0.07286257339
0.1851126783,0.07711931333
0.1833744614,0.06912022869
0.1816719884,0.06288795361
0.1799920559,0.06392592564
0.1783489734,0.06447379743
0.1767367723,0.06655011795
0.1751488769,0.06260920647
0.1735824279,0.06280025137
0.1720511726,0.0634064284
0.1705672473,0.06105670984
0.1691114258,0.06244151292
0.1676816831,0.06064925157
0.1662777106,0.05787240093
0.1648857228,0.05644180322
0.1634968674,0.05281977373
0.1621307268,0.05069357522
0.1607896699,0.04737432384
0.1594728851,0.04779680689
0.1581729932,0.04582832653
0.1568895367,0.04608767266
0.1556254103,0.04804733722
0.1543840167,0.04585375213
0.153162029,0.04391988316
0.1519593082,0.04195930043
0.1507738992,0.04234908539
0.1496048398,0.04186351344
0.1484563662,0.04033076303
0.1473319393,0.03696119486
0.1462267383,0.03541650538
0.1451361936,0.03762153016
0.144064344,0.03586637429
0.1430043912,0.03444398734
0.1419581539,0.036630342
0.1409275894,0.03869115377
0.1399121761,0.03685923195
0.1389100399,0.03419794751
3.899802451,5.8722055
1.245407899,2.126996062
0.7058556258,1.497700957
0.4746010856,1.163076194
0.3524823321,0.9371202008
0.2756211064,0.8357671249
0.2257681001,0.7088581988
0.1990209741,0.5900440292
0.1769726897,0.522448313
0.1556359787,0.4896234883
0.1414116474,0.4086853392
0.1290365827,0.4037120062
0.1199617752,0.3518827645
0.1124857262,0.313079444
0.1053853251,0.3069751705
0.09830842984,0.2808504517
0.0917134896,0.2666404856
0.08597556283,0.2509335769
0.08075182519,0.2400986887
0.07609180936,0.2322015547
0.07223418486,0.2240975766
0.06859549627,0.1950381111
0.06556142789,0.1945614625
0.06312852398,0.1871551939
0.06055789321,0.180403626
0.05795576039,0.169156491
0.05580688805,0.1655536686
0.0540796465,0.1584704966
0.05249455442,0.1571672192
0.05089448164,0.1439156597
0.0493977166,0.1398589543
0.04810826624,0.1328167104
0.04671449128,0.1316626979
0.04547201667,0.1311425999
0.04452521907,0.121724811
0.04356710278,0.1199951815
0.04250096806,0.1078310311
0.04162477598,0.1068677927
0.04073402465,0.1007616677
0.03987196286,0.08970862117
0.03906966299,0.09280770334
0.03827694657,0.08792294374
0.03711088753,0.08190991759
0.03667600191,0.08760890137
0.03600236368,0.08952938713
0.03535200627,0.08427813818
0.03469784518,0.08403559607
0.03406965576,0.08499622294
0.0333992376,0.07889430115
0.03268361592,0.07620262084
0.03190537125,0.07598990011
0.03119306182,0.07165852026
0.03058300201,0.07372973892
0.03000364972,0.07083756909
0.0295016823,0.06589365904
0.02904494485,0.06201500253
0.02858425547,0.06224948296
0.02812250812,0.06203808974
0.02770767137,0.0613084594
0.02735401269,0.0586349732
0.02705454274,0.05799683103
0.02675548046,0.06138254708
0.02642754611,0.05972131471
0.02605446779,0.05561859111
0.02567946589,0.0543811174
0.0252988872,0.04992041023
0.02496897015,0.04478614011
0.02467435423,0.04476203139
0.02439828949,0.04146988876
0.02409476607,0.03917387208
0.02376582046,0.04191546222
0.02343590522,0.0426508009
0.02311614581,0.04219804435
0.02278803992,0.04549406522
0.02246511635,0.04588533001
0.0221533138,0.04162703806
0.02182735281,0.03979531493
0.02152748449,0.03561892312
0.02124483736,0.03495059717
0.02097463103,0.038572653
0.02071135557,0.04020998347
0.02046196019,0.04118266662
0.02021806554,0.0373159013
0.01996155668,0.03452286877
0.01972024237,0.03400275435
0.01949015519,0.03165276191
0.01927595103,0.03101753691
0.01907740531,0.03196088526
0.01887798416,0.03433306139
0.01866518062,0.03469104146
0.0184498056,0.03444191477
0.01824780601,0.03484542442
0.01805573292,0.0338923665
0.01786953593,0.03248251254
0.01769297366,0.03201239127
0.0175310618,0.03222175837
0.01737849514,0.03174179499
0.01722850406,0.03126031139
0.01708061427,0.03035890634
0.0169420923,0.02998641876
0.01682042603,0.03127481218
0.01670030795,0.03050148529
0.01657028377,0.03034601117
0.01643598314,0.02858720212
0.0162923556,0.02684055839
0.0161347104,0.02748248221
0.01596160099,0.0281290627
0.01579183525,0.02744080914
0.01563550585,0.02656337952
0.01549191223,0.02559653823
0.01536433079,0.02635313048
0.01523799258,0.02633298255
0.01510469506,0.02567145748
0.01496753073,0.02374265621
0.01483002924,0.02231935288
0.01469584719,0.02267544944
0.01456840232,0.0248296023
0.01445214467,0.02532163497
0.01434208362,0.02591138413
0.01423710679,0.02535810763
0.01413220895,0.02510140655
0.01402132725,0.02447735792
0.01390288819,0.02262954526
0.01378480874,0.02306223861
0.01367216271,0.02337391829
0.01356349742,0.02134471493
0.01345565471,0.02084255487
0.01335373285,0.02107340963
0.01325486504,0.02224997925
0.01315649033,0.02265663541
0.01305809749,0.02285086941
0.01296482216,0.02227779229
0.01287587177,0.02170467163
0.01278782892,0.02103685972
0.01270144911,0.02162632796
0.01261452753,0.02130669218
0.01253156303,0.01988793644
0.3425331224,0.2462899769
0.1277547551,0.1944883877
0.0876668294,0.1722147209
0.07867604608,0.1516855002
0.05447952489,0.1313557238
0.04722972699,0.1343011606
0.04208240405,0.1186453255
0.03715628027,0.1180675382
0.03261792145,0.1031670977
0.02940769725,0.09589070448
0.02639327875,0.09671528589
0.02358344774,0.09455109907
0.02090885898,0.08412894124
0.01875334086,0.08166657002
0.01747612131,0.07842998396
0.01689904469,0.07495387161
0.01638877717,0.06974404197
0.01634876785,0.06764354393
0.01611114201,0.06741830075
0.01570418637,0.06550270455
0.01531702324,0.06265915571
0.01493296429,0.05845300233
0.01460361446,0.05775209437
0.01418584695,0.05488379475
0.01363496327,0.05375396571
0.01307553462,0.04956034753
0.01255639262,0.05054256282
0.01182079635,0.05022586582
0.01189984099,0.04730034675
0.01170033021,0.04409819057
0.01147452386,0.04263461192
0.01121270638,0.04477797837
0.01090698772,0.04453188144
0.0106440523,0.0428834149
0.01029141556,0.03944187355
0.009916789225,0.03552810137
0.009540250476,0.03653265834
0.009173967787,0.03621932387
0.008843011638,0.03622613667
0.008596966559,0.03738145279
0.008362718711,0.03418280293
0.008109256856,0.03169650872
0.00786743628,0.03562493179
0.007649024108,0.03388777942
0.007472818234,0.03186708104
0.007309181126,0.03129302515
0.00714837978,0.0295979391
0.006805825246,0.02993901501
0.006842349571,0.02930773472
0.006677744172,0.02940397735
0.006494420814,0.02760250046
0.006298414687,0.02714962424
0.006103161517,0.02958479175
0.005931302843,0.02897411744
0.005476904369,0.02675843719
0.005632685455,0.02623510148
0.005511764134,0.02284144173
0.005392265475,0.02245577355
0.005295517227,0.02258780079
0.005240510639,0.02226983186
0.005219212495,0.0232556294
0.005193950537,0.02370566848
0.005160380342,0.02341204901
0.005111776744,0.02225032226
0.005068328826,0.02219185817
0.005032450615,0.02298636976
0.005001595538,0.0236730422
0.004973450209,0.02254341771
0.004940397362,0.02248689695
0.004901447501,0.0221967809
0.004856420889,0.02161360855
0.004808484081,0.02119025191
0.004768857106,0.03415090428
0.00472921757,0.06182467708
0.004692978401,0.0505030807
0.004660697961,0.03998539275
0.004627738547,0.07465282518
0.004583785537,0.06492876294
0.004536274085,0.06877585677
0.004495026375,0.08319138134
0.004456081981,0.0748975133
0.00440958654,0.04036421815
0.004359566447,0.03072881954
0.004313935998,0.0186610283
0.004272426102,0.01727682981
0.004233187324,0.01742576977
0.004172779442,0.01813430586
0.004136835398,0.01857863442
0.004088480539,0.01827991005
0.004044464193,0.01776815437
0.004003503548,0.01656874072
0.003957515674,0.01573003109
0.003908318533,0.01580127183
0.003861994525,0.01650573269
0.003828494618,0.01588698836
0.003805706971,0.0159796301
0.00379161708,0.01697704041
0.003782005924,0.01666394474
0.003770770486,0.01592711713
0.003751820394,0.01554440791
0.003732148244,0.01543516292
0.0037124329,0.01492090747
0.003688587314,0.01537668814
0.003663398792,0.01555056564
0.003640291601,0.0151313603
0.003621614603,0.01496796234
0.003608492164,0.0144533715
0.003596763978,0.01512868095
0.00356039556,0.01623745488
0.003571390596,0.03233716442
0.003561657368,0.03793394498
0.00355543359,0.03498245572
0.003552850265,0.03041115065
0.003550376452,0.0282393431
0.003544588852,0.02250788861
0.003537643836,0.01187175426
0.003529910158,0.01208091139
0.003520194897,0.01174898953
0.003508356928,0.01238869352
0.003492889828,0.01173061278
0.003475588455,0.01221541679
0.003456733532,0.01278502329
0.003438382041,0.01239585351
0.003423398483,0.01188578384
0.003410711341,0.0115593778
0.003398156083,0.01124634923
0.00338609183,0.01118846381
0.003374354675,0.01126086458
0.003360677037,0.01113010435
0.003345121782,0.01081772215
0.003328231679,0.01102024486
0.003308895866,0.01129547978
0.003288191167,0.01115418404
0.00326724308,0.0108436899
0.003246270382,0.0102270859
0.00322534075,0.01005448283
2.073626399,0.06625023204
0.0407185737,0.04314845949
0.0321510642,0.03628385376
0.02605842273,0.03325604296
0.028248323,0.03208046665
0.01980977576,0.02965043099
0.01817416285,0.02632320199
0.0162518163,0.02458764667
0.01483609243,0.02441438616
0.01329090626,0.02520099947
0.01208384937,0.0225986002
0.01087981284,0.02205126612
0.009621027184,0.02303100471
0.008572454207,0.02250911103
0.007723407759,0.02123874435
0.005840597508,0.02247996147
0.006619498579,0.0196752533
0.006303965403,0.02137559994
0.006048922074,0.01960725551
0.005809265528,0.01906070993
0.005618466801,0.01939533176
0.005431935897,0.01930129756
0.005234668532,0.01979207025
0.005087933504,0.02118417646
0.005016774106,0.0273563098
0.004964847691,0.03140569462
0.004862161153,0.01877837084
0.004821979927,0.01877448224
0.004762505948,0.01859668
0.004721404903,0.01793987105
0.00469610176,0.01691102073
0.004665980617,0.01620480476
0.004617802301,0.01710885432
0.004558557133,0.01653070222
0.004473714374,0.0157004315
0.004380011008,0.01635513062
0.004311861633,0.01664000162
0.004265109541,0.01634881911
0.004236908029,0.01668811109
0.004190799751,0.01604332762
0.004224891264,0.01496372356
0.004157440287,0.01533663444
0.004202971498,0.01579497166
0.004148761709,0.01561965987
0.004159667488,0.01558340539
0.004137414602,0.01455974819
0.004101260144,0.01459582394
0.004067984364,0.0145211053
0.004026213847,0.01364309893
0.003979016041,0.01361169241
0.003930401534,0.01394095178
0.003318044703,0.01455478623
0.0038493359,0.01382118038
0.00382041781,0.01263756595
0.003794864508,0.01511069511
0.003766874877,0.0298481629
0.003730840843,0.04852851568
0.003693140111,0.04286038318
0.003654969704,0.02603054769
0.003529282863,0.02759896648
0.003529623727,0.02701300279
0.003496370386,0.01387266174
0.003424368838,0.01147650064
0.003345451905,0.0156301215
0.003261731291,0.02160851427
0.003173701864,0.02591070681
0.003085971611,0.03197747243
0.003001124535,0.02057052858
0.002919648231,0.01269008628
0.002848642684,0.01308209498
0.002790046879,0.01245366354
0.002739699355,0.01200957417
0.002693752273,0.01146985742
0.002651358505,0.01101633753
0.002615039815,0.0109855322
0.002582248442,0.01063629927
0.00251535676,0.01128683677
0.002524116459,0.01149328751
0.002501952171,0.01067256232
0.002483821667,0.009923493885
0.002465516208,0.009899627484
0.002446114923,0.009896076964
0.002424693626,0.009560677655
0.002396331583,0.009446551477
0.002365268123,0.009132447501
0.002330092921,0.008932417961
0.002292275963,0.009311402555
0.002258305494,0.00974528197
0.002230765188,0.00961998479
0.002213719728,0.00920027127
0.002203724789,0.008983780275
0.002198251147,0.009385970522
0.002192112306,0.01015946166
0.002183819531,0.01000992258
0.002172018721,0.00854452641
0.002155314435,0.008874772306
0.002139414262,0.009049305557
0.002124467502,0.009538784742
0.002113655757,0.009519978015
0.002105977782,0.009265704025
0.002101202877,0.009396784238
0.002051432658,0.009554174842
0.002096513112,0.009641258397
0.002096794227,0.009218169078
0.002097838634,0.01030457731
0.002090741589,0.01268796829
0.002098694667,0.008552330071
0.002098735143,0.008702745076
0.002100399476,0.008135622146
0.002101404815,0.007203347443
0.002101498891,0.007151518457
0.002101706365,0.007200162044
0.002100345171,0.007146379407
0.002098754601,0.007618724694
0.002098565383,0.008323463324
0.002099065399,0.008331728072
0.002100936921,0.008355985924
0.002106168758,0.008563059175
0.002115088427,0.0089895561
0.002126736131,0.009153365595
0.002139872944,0.008941744882
0.002155018204,0.01080657009
0.002171789647,0.0109824521
0.002190009767,0.01528233354
0.002209267155,0.02554447257
0.002227141103,0.03212251189
0.002241144444,0.03608932884
0.00225142558,0.04742129765
0.0022586667,0.04691474735
0.002265061605,0.04272931475
0.002268988654,0.04018493182
0.002270929157,0.04341079714
0.002269873018,0.04384088581
0.002265650597,0.03998496283
0.002258465232,0.03004246152
0.002250022609,0.02595465173
0.002241229902,0.01786570476
0.570074769,0.01512700358
0.008143618657,0.01290354523
0.06419501522,0.01303825518
0.006810317326,0.01092477513
0.00725204095,0.01517128995
0.03483624686,0.03123970119
0.006123745634,0.009838278284
0.005639522278,0.008930362626
0.006840840086,0.008359158091
0.02093899062,0.008293239072
0.004757174545,0.007658240607
0.004512448745,0.009806588667
0.004312787649,0.007954917999
0.004158721349,0.007268971515
0.003973024734,0.006758748335
0.003752166257,0.007137509347
0.003627403376,0.00791261235
0.003487621383,0.007063195017
0.003378406232,0.007124949198
0.003271715821,0.007245649422
0.003205892171,0.006797330343
0.003138569686,0.006378548652
0.003057995429,0.006370539628
0.002975757215,0.006143575905
0.002896092468,0.005838343847
0.002804526635,0.006146861423
0.002702702857,0.006355606713
0.002615556381,0.006658946547
0.002524833677,0.006353453936
0.002446277644,0.006464842162
0.002371430172,0.006644246714
0.002303170234,0.006429471612
0.002354070379,0.006128587173
0.002192342438,0.006120896187
0.002144371867,0.006238064155
0.002109291262,0.006389464125
0.002070485078,0.006338928033
0.002056729617,0.006298459844
0.001863418646,0.006568917855
0.002027127862,0.006810716635
0.002032693248,0.006673521205
0.002050793998,0.006737594641
0.002078200385,0.006535577872
0.002102780812,0.006321233857
0.002135300713,0.006207519041
0.002162506593,0.006092991361
0.002188655415,0.006116741004
0.002208353782,0.006303460976
0.002240132134,0.006504986872
0.002270765108,0.006632813125
0.002299964471,0.006691939199
0.002337978998,0.006867838975
0.002316743054,0.00718325321
0.002407815285,0.007719770154
0.002436168489,0.007496107605
0.002476390921,0.01237983111
0.002504746432,0.01623749703
0.002535556387,0.02164797294
0.00256312336,0.01972238973
0.002589529641,0.01714511935
0.002616832521,0.01630671362
0.002640400728,0.01381571686
0.002623734247,0.01681725248
0.00268601986,0.01487142951
0.002703561738,0.01124247033
0.002717324415,0.009100086496
0.002728687163,0.008126190291
0.002736738938,0.008937644788
0.00274676733,0.01331696948
0.002749847045,0.01956417945
0.002752642259,0.02205416893
0.002751199907,0.02143115378
0.002743042678,0.02160881677
0.002738312842,0.01960555386
0.002728528483,0.02213744176
0.002712397891,0.02223700269
0.002702395897,0.02431708195
0.00268319212,0.01954276855
0.002652961723,0.01462328639
0.002631241506,0.01087443125
0.002603020823,0.007992303435
0.0025719843,0.007087228566
0.002540251059,0.004713317606
0.002507537921,0.00474861527
0.002473604309,0.004995883629
0.002432001279,0.008005602911
0.002405369884,0.01309202915
0.002373269403,0.01938588927
0.002344743827,0.02139937553
0.002320189163,0.01921403431
0.002298376377,0.01758010398
0.002280451457,0.01636110028
0.002262749207,0.01215318202
0.002247397324,0.008238842796
0.002231128594,0.005703126375
0.002189891071,0.005230094338
0.002201987296,0.005221759314
0.001626592928,0.005243649953
0.002171418881,0.005240271342
0.002157699593,0.005160173184
0.002144100534,0.005079912843
0.002130456304,0.004994132628
0.002111845905,0.00504956588
0.002104674903,0.005010150136
0.002092672709,0.0055861118
0.002077976141,0.007495028663
0.002068101009,0.007478396108
0.002057641644,0.0064649779
0.002046734612,0.008056726586
0.002038101676,0.00734447171
0.002020222917,0.004755403136
0.002017812075,0.004566239151
0.002005546058,0.00439362849
0.001928785027,0.004224997077
0.001977349555,0.004110362599
0.001961748623,0.003998111422
0.001943759386,0.003850777134
0.001562860781,0.003795373504
0.001904598997,0.00385211746
0.001883301,0.004000065138
0.001860670967,0.004021548169
0.001837839087,0.003966010459
0.001813947407,0.003994361561
0.001787555616,0.003926239891
0.001763180115,0.004083821252
0.001736154099,0.004236928012
0.001709157517,0.004459797268
0.001682656119,0.00451609741
0.001656959944,0.0055517936
0.001632301623,0.006299061283
0.001608277123,0.007744663974
0.001249096869,0.008223054834
0.001562222099,0.009595913304
0.001541420437,0.0103269628
0.001521632254,0.008990259695
0.00150312654,0.007465390125
0.09378070072,0.02289458688
0.1640449899,0.01397021631
0.2750058594,0.01302912355
0.0524233625,0.01559858578
0.02160282996,0.02682850089
0.005954393912,0.02071220783
0.003156842918,0.009205622707
0.01054778112,0.007612492175
0.004061663134,0.007913091031
0.002973682582,0.009350726362
0.004051067021,0.007324497358
0.003791253636,0.006411915513
0.004585169772,0.006633168278
0.007722585003,0.01034149617
0.005118271837,0.006438894433
0.003169027563,0.005906353869
0.003057386921,0.006228400767
0.002964147082,0.006824703379
0.00288785812,0.006370618695
0.007427399212,0.01439978448
0.00249949072,0.01825046172
0.002610411274,0.01900988407
0.002527825723,0.010366702
0.002424472579,0.005583244205
0.002391380182,0.005534689869
0.002104693981,0.008796345922
0.002299901805,0.01764270734
0.002248637666,0.02257284117
0.002233480499,0.008059878183
0.002215941802,0.005063826342
0.002206551694,0.00490861371
0.002173579418,0.005216853439
0.002158761824,0.01141311769
0.002152342262,0.0269362806
0.002124650048,0.02657721503
0.002138488049,0.01349301368
0.002147948609,0.006429172706
0.002140985987,0.01088275581
0.002149435569,0.01282475045
0.002150652758,0.016868309
0.002150600477,0.01136186346
0.003410258576,0.004680374471
0.00206341305,0.004663251176
0.00214271596,0.004689435267
0.002145373122,0.004595310001
0.002149796826,0.004376457303
0.002147759838,0.004103824502
0.002142224906,0.005244217228
0.002139016087,0.004218562023
0.004000769338,0.003946572741
0.003016436426,0.003906424213
0.002117442047,0.004028195354
0.002075216795,0.004034874574
0.002090058009,0.003870363033
0.002069939386,0.003931476726
0.002047943981,0.004137155309
0.002027729992,0.004111609793
0.001552200808,0.004507841484
0.001991223005,0.007981306987
0.001985331321,0.01267999803
0.001962726943,0.01391443421
0.00195304879,0.01410792025
0.001933695959,0.01359696404
0.001909703894,0.01197366997
0.001858388408,0.01110251867
0.001859762872,0.01188928896
0.001829268078,0.01325751572
0.001805775313,0.01616829103
0.006490273932,0.01496173372
0.001746439438,0.009977203878
0.00167264929,0.006863074864
0.001681962712,0.006089565018
0.001632289696,0.008482195452
0.00151885692,0.009834418188
0.001578801363,0.006036731322
0.001549065257,0.00382898934
0.001513871246,0.003864877971
0.001486417265,0.003618049615
0.001436683612,0.003625712357
0.001425687477,0.003714168209
0.001380035594,0.003742718695
0.001375432461,0.0036402087
0.001351840348,0.003570107004
0.001309671995,0.003565008415
0.001306348987,0.003643248793
0.001286130819,0.00372213509
0.001259067015,0.003690275263
0.001232200835,0.003637039864
0.001224224122,0.004142529377
0.001194386104,0.00589437716
0.001188175645,0.006079946112
0.001132822058,0.005743709961
0.001156392099,0.006466799412
0.001144499236,0.005159311296
0.001134021897,0.003632926362
0.00112424417,0.003518542851
0.001115376932,0.003452316521
0.001100524712,0.003295933302
0.00110134866,0.003284838321
0.001095345757,0.003275614074
0.001090092257,0.003168622333
0.001078796954,0.003109559464
0.0009098234165,0.004707350955
0.001081654486,0.005655798585
0.001074848633,0.006417540031
0.001079257322,0.007795180136
0.001055680651,0.00859193762
0.001081288235,0.009246150554
0.001081496838,0.01234773457
0.001081670728,0.01317600853
0.001211688841,0.01271565841
0.00116041868,0.01025460641
0.001088595507,0.006076989529
0.001089446188,0.004032105054
0.001047681981,0.003591859397
0.001945478689,0.003486868749
0.001095612003,0.003275884489
0.001097701651,0.003292084584
0.001094840777,0.003225667884
0.001104715027,0.003187052476
0.001106534969,0.003157129779
0.001109436071,0.003046208489
0.001117996029,0.002942774095
0.001551440092,0.002876592718
0.001124469602,0.002806016049
0.001127052421,0.002830743345
0.001134145909,0.003135229984
0.001137472185,0.004574476309
0.001138941347,0.006438973089
0.001142793358,0.006433490828
0.001145992737,0.003419590378
0.001150186191,0.003174054151
0.001152933666,0.003119811723
0.001155403341,0.003131205374
0.001150832809,0.003133355732
0.001161262683,0.003159132478
0.001209020127,0.003091849912
0.09703486704,0.01010803302
0.004136473656,0.008261591811
0.1170623083,0.007458519803
0.008604753814,0.006249783228
-0.0003653694703,0.002179322612
0.001873815467,0.004031496121
0.01150335265,0.002532389255
0.02447466623,0.001890977889
0.04174760895,0.00194165783
0.001440658441,0.00177120133
0.068681036,0.002253476735
0.0008204414403,0.001731533449
0.0009731946492,0.003184745274
0.01306499298,0.005425596887
0.004928283172,0.004429560849
0.006939832619,0.003269928087
0.01425914908,0.002453669067
0.0006210113683,0.002480129124
0.001106980765,0.004322825551
0.001187623458,0.006044403467
0.001010410316,0.006545594868
0.00126966684,0.005356246219
0.001293656655,0.003050150144
0.008036733728,0.003208787678
0.001207397145,0.004002638683
0.001152756896,0.004343599976
0.001054421478,0.003744325513
0.001183403804,0.003094829466
0.00135018499,0.002427594974
0.007943592409,0.003075503658
0.01250307408,0.004304462196
-0.01556247518,0.005227099592
0.001363492148,0.004678027242
0.001367496692,0.004136297295
0.001491974084,0.003500544651
0.0136537198,0.003534537931
0.001351118427,0.004196873773
0.001312609157,0.005076565982
0.00136011149,0.004863912159
0.001318855864,0.005171693779
0.001310747588,0.004836793319
0.001549015735,0.004130439895
0.001702998506,0.003450485112
0.005339583708,0.00410051424
0.0006513422811,0.003547173014
0.001296561285,0.002397630944
0.001275807054,0.001667583341
0.001334065324,0.001421714876
0.001324723044,0.001412956401
0.0009557363093,0.00188252007
0.001318054004,0.001606387845
0.001376267915,0.001400288566
0.00129779808,0.001382491485
0.001320342417,0.001425394292
0.01078838131,0.001424451697
0.01878079109,0.001479054606
0.001298824943,0.002263492803
0.00621866942,0.002533109875
0.006588533219,0.002507986428
0.001248498387,0.002216875586
0.001320701192,0.002280509567
0.001309480631,0.002786213222
0.001318335575,0.002791247804
0.001220489338,0.002916764216
0.00127470666,0.002700777771
0.00171641276,0.00249652973
0.001308258826,0.002599538178
0.001315960772,0.002689805881
0.003230555308,0.0032090022
0.001315288213,0.00329233542
0.00132924458,0.002203105656
0.001330507921,0.001455756994
0.001305314668,0.001431542434
0.0004734887709,0.00140911031
0.001340047517,0.001403979336
0.001819021848,0.001696913457
0.001341820843,0.002495780277
0.001344184351,0.003696436886
0.001344517394,0.003958137108
0.001621929382,0.003537400539
0.001407800707,0.003970055812
0.00134389207,0.00413181051
0.001295616051,0.003429725982
0.001288731699,0.002606042909
0.001340555635,0.001905508698
0.001348618752,0.002381201183
0.009432823083,0.003075629479
0.001322767125,0.00250652068
0.000383806832,0.002413543762
0.002291920687,0.002387729947
0.003242867595,0.00170016755
0.001362218642,0.001341080986
0.001960774436,0.00136693881
0.001364012516,0.001380224862
0.001364427673,0.00133959855
0.001367666349,0.001285330089
0.001480076652,0.001236970873
0.001354336398,0.001228868255
0.00136066836,0.0011947718
0.001369079293,0.001172001778
0.001130091443,0.001157558023
0.002329676098,0.001147725563
0.001809477513,0.001155642468
0.001366693534,0.001149633709
0.001203609313,0.001130019951
0.002934841006,0.001117952069
0.001316646948,0.001526066555
0.001351010073,0.00195514403
0.003029559994,0.001442065298
0.001353735931,0.0011081465
0.007119259069,0.001008626036
0.001336652186,0.001001313578
0.001345090792,0.001000388832
0.001341615854,0.0009818042222
0.004457649521,0.0009653760148
0.001331482733,0.0009799444691
0.001334195487,0.001007597569
0.001262827558,0.001323617178
0.001314949549,0.001901186785
0.001155548773,0.00195956783
0.001293967115,0.001686169528
0.001303956218,0.001391047485
0.006044147299,0.0009751780711
0.003129321892,0.0009257537996
0.001291085591,0.0008866876224
0.001281569468,0.0008532621895
0.001280760644,0.000855110062
0.001277567147,0.0008686147673
0.001271685926,0.0008823757858
0.001260440439,0.0008747306177
0.001258664169,0.001238684343
0.001254488216,0.002257968043
0.001216766206,0.003337287522
0.001228583755,0.003890622665
0.003924577301,0.003577974418
0.001147938779,0.003180883137
0.399308623,0.003370764289
0.00198783755,0.002067632889
0.002890919213,0.001932714552
0.09418394636,0.00372191001
0.1014961665,0.001706249552
0.004000580943,0.003658733383
0.1077131772,0.003371346227
0.0006404756772,0.002248950546
0.04284617463,0.003767994392
0.009106512624,0.003427693505
0.1689936771,0.001324445893
0.00346877932,0.00192909296
0.0002487807866,0.002007124454
0.07440172534,0.001403186269
0.0009561138417,0.001677946787
-0.0001350856751,0.001406955893
0.01448265708,0.001629959678
0.09410448088,0.002739930286
0.01737482887,0.001639884243
0.01304661043,0.0016217358
0.005506647639,0.002934721615
0.0009570452376,0.003144563478
0.0005169949764,0.002092702158
0.02782238189,0.001682365287
0.0009160319368,0.001801660864
0.002361409193,0.00132431857
0.03040001688,0.001830807975
0.000426293494,0.00279901802
0.02780041189,0.004295592991
0.0009578732379,0.005681930827
0.003345904711,0.005852960883
0.004349087996,0.005928598423
0.0009929791181,0.006129717338
0.0007531281336,0.005719304366
0.01198633149,0.003932201032
0.03247814004,0.001960806461
0.0009616973095,0.001082711831
0.0009722274712,0.001074548016
0.005377975754,0.001069037846
0.0007134448679,0.001074577672
0.004873536219,0.001069587793
0.000871444754,0.001203990205
0.00113509765,0.001529028391
0.0003871071605,0.001385447013
0.001138199846,0.001355601341
0.01266835282,0.001215102368
0.0009761719373,0.001157925159
0.003775400421,0.001083127864
0.0007961068126,0.001697455503
0.01966995114,0.002623244478
0.0007546675758,0.002342917187
0.001044762679,0.001444889812
0.009443479647,0.0009490760375
0.001086519762,0.0009563376429
0.005761510207,0.0009524320717
0.005674289535,0.0009176854362
0.00107422113,0.0008694806834
0.001320722184,0.0008562153304
0.001053338772,0.0009007767405
0.001765060907,0.0009202586561
0.0008390697368,0.0008784819419
0.0009673515018,0.0008576653639
0.001035562388,0.001268689109
0.004305149984,0.001689767067
0.0009738795049,0.001652756608
0.001126344542,0.002143846976
0.001008328922,0.003040687725
0.0005143556876,0.004455327243
0.0009971483602,0.005369571429
0.004154981441,0.005538722023
0.0009766789397,0.004947134668
0.003129117199,0.003564569997
0.0007662336047,0.002245942996
0.006286560732,0.001234423021
0.000821558673,0.0009154156077
0.0004911378809,0.0009157163003
0.0009476642314,0.0008987918438
0.002064893872,0.0008687930372
0.0001370596483,0.0008465495984
0.0009222245803,0.0008501921914
0.0008892183776,0.0008610187161
0.006372051431,0.0008792945194
0.006380479143,0.000892393524
0.0008992363165,0.0008887026196
-0.002054019118,0.0008772611821
0.0008872209155,0.000881988151
0.0005627739247,0.001014483264
0.0008282050504,0.001268481009
0.0009271813141,0.001772839928
0.0008584719181,0.001754179088
0.002196517326,0.001431504796
0.005684379565,0.001143581853
0.0005967824266,0.0009751941742
0.0007666343948,0.0009972073602
0.0008047704684,0.001048117659
0.001391958566,0.0009883493247
0.003642643492,0.000954389848
0.0008789497182,0.0009354523065
0.0008020360725,0.0009345334405
0.002799175103,0.0009484218676
0.0007762305869,0.0009649397396
0.0008047259518,0.001117625806
0.0008002144115,0.001411103813
0.0007899908804,0.001376585162
0.0007725190027,0.001226823604
0.0007700887763,0.001492679877
0.0007736125629,0.001925531621
0.002493136621,0.002192217472
0.001984805219,0.002208152297
0.0007795814015,0.00183722914
0.0007771888332,0.001601415332
0.0007867770008,0.001297985132
0.0006881144328,0.0009498602338
0.001271030477,0.0009271143035
0.0007678623703,0.0009209063975
0.002264888359,0.0009117639665
0.0007571422702,0.000911015843
0.0007091337662,0.0009203333088
0.00322521811,0.0009313878153
0.0007552942659,0.000943173764
0.0007456151077,0.0009475851887
0.0006237721561,0.0009521577667
0.000700100998,0.0009442454787
0.0006614289685,0.0009315800641
0.0007421503694,0.0009079190127
0.0007397131859,0.0008871542518
0.0007040583946,0.0008792389893
0.0006922043424,0.0008834612251
-0.001866775509,0.0009106054719
0.0004139421861,0.0009372027904
0.0007226561702,0.0009473236333
0.0007250170646,0.000937284379
0.0007234606599,0.0009134204865
-0.005436344109,0.000889438341
-0.002215434492,0.0009339627239
0.0004135539497,0.0009178206891
0.000716382841,0.0008793765257
1.412773088,0.002482371894
0.9821769788,0.003057436401
0.1138060229,0.001213006624
0.1132507167,0.001247080191
0.07729630651,0.0007152700957
0.1534575988,0.0007042421409
0.03250356685,0.0006635973238
0.0010817576,0.0006800848009
0.1384006652,0.000689122582
0.02987150118,0.0006869301024
0.08691234075,0.0006591096836
0.000613371963,0.0006328603739
0.07693710137,0.0006553287236
0.0007960814484,0.0006944987628
0.1093756812,0.0008200061418
0.009081644537,0.0006553859468
0.06559956092,0.0006539773551
0.0005533765294,0.0006590047672
0.03971516685,0.0008286252538
0.03407100334,0.001575326728
0.04717902636,0.002346993044
0.006690253383,0.002165442838
0.02301278073,0.001389612319
0.04766107964,0.0007444874989
0.05513581317,0.0006575595489
0.02558328035,0.000747802069
0.07475039669,0.0007456970055
0.0007522813691,0.0006838991553
0.0009924686109,0.0006818364694
0.0008599094005,0.0007470007273
0.03710600908,0.0008869093278
0.03391786522,0.0007606701273
0.0003185482844,0.0006848031077
0.03753810191,0.0007580586574
0.0006009588398,0.0009806877044
0.04760538293,0.001041468464
0.05546921585,0.0008185948714
0.03810516927,0.0007908890464
0.01606327688,0.0007876345863
0.0007891982586,0.0006917412955
0.0007728884834,0.0007126494005
0.03256499861,0.0007867890979
0.0007111210419,0.0008892350729
0.02722177532,0.0009737376185
0.0005196366479,0.0008713611668
0.001501222901,0.0007813766728
0.009886787319,0.0006694408763
0.002750315449,0.0006575728204
0.01737102444,0.0006103384419
0.02244756077,0.0005807514025
0.01289789877,0.0005704420735
0.0007780545315,0.0005738293323
0.00114629728,0.0005792562579
0.02616222964,0.0005823894019
0.0007460313057,0.0005754189346
0.007993254666,0.00057696118
0.0005475618033,0.0005799588389
0.000656659902,0.000580383862
0.005974282806,0.0005817291171
0.004329801656,0.0005788482946
0.001971285467,0.0005734399883
0.0007118776847,0.0005679515705
0.008762859487,0.000562335077
0.0006806658417,0.0005588788302
0.001886868578,0.0005571304749
0.0007299584208,0.0005548596866
0.0006319387807,0.0005539084769
0.005317505777,0.0005478285959
0.002056977916,0.0005409284439
0.002130719893,0.0005389018182
0.0006228036208,0.0005396519015
0.0006233318212,0.0005406427974
0.002059815381,0.0005449642427
0.008904456755,0.0005480496438
0.009859131086,0.0005425936246
0.00959835711,0.0005385552144
0.01886015875,0.0005387374337
0.0006267405774,0.0005326087814
0.0006356331378,0.0005185477604
0.0006463258938,0.0005067979582
0.0008117985501,0.0005003439934
0.0008934386682,0.0004919089841
0.03449419703,0.0004822798786
0.01652554663,0.0004785139544
0.000499325862,0.000475245754
0.009968306421,0.0004744108527
0.003490324337,0.0004741560421
0.0007668327589,0.0004672021286
0.006151257379,0.0004600736019
0.008872489579,0.0004549937556
0.003127347235,0.0004538376121
0.01170278983,0.000450668004
0.002249937137,0.0004473032028
0.0004847186537,0.0004435957359
0.006105244576,0.000439679785
0.0004873201735,0.0004416949524
0.000609311629,0.0004460304096
0.002443600013,0.0004487314421
0.0003035234946,0.0004541360327
0.0007907604534,0.000463648528
0.000622553136,0.0004651412202
0.0005738225444,0.0004605067068
-0.001331637716,0.0004554547228
0.003059038652,0.0004535826935
0.0007704439795,0.0004542773077
0.00049737419,0.0004579257538
0.0005763813438,0.0004584973993
0.005108588072,0.0004570965521
0.0004695747911,0.0004586355104
0.0005782306204,0.0004585093285
0.004904678152,0.0004562257536
0.0005350163046,0.0004577888801
0.0007600086013,0.0004625432163
0.0005233867573,0.0004637633785
0.01596695194,0.0004607793459
0.0005052608069,0.0004550542627
0.0005603582661,0.0004450646159
0.0005188960119,0.0004351712147
0.0005458312131,0.0004303401719
0.0004136374809,0.0004277263388
0.008970455314,0.0004244025826
0.0005092839621,0.0004208958036
0.001017356958,0.0004130974428
0.0004461471521,0.0004069978339
0.0004383754538,0.0004102373543
0.002806806233,0.0004212022301
-0.002779828994,0.0004346755925
0.0003427154141,0.0004497043192
0.0005041794643,0.0004596159959
0.0004441639026,0.0004663488548
0.0004887469259,0.0004724335413
0.0004612189655,0.0004770061517
0.001502895571,0.0004782616346
0.0005026264797,0.0004769140212
0.002415648932,0.0004722067503
0.0004910834306,0.000463653524
0.8518591456,0.0007414138996
0.3920481065,0.0005834597105
0.4174748176,0.0005234767825
0.4662927042,0.0004979008589
0.007139358856,0.0004655893729
0.3208484374,0.0004638010737
0.0008609919723,0.0004348831089
0.188314942,0.0004524787453
4.668008791e-05,0.0004379599677
0.006508281457,0.0004239670766
0.03796795981,0.0004031706568
0.0631583705,0.0004065785391
0.1205396556,0.0004017192953
0.02891079263,0.0003848344366
0.100497086,0.0003728131301
-0.0001322882125,0.0003808648271
0.0002560400883,0.0003837117726
0.02817811884,0.0003694552317
0.02151920262,0.0003547358282
0.001308173563,0.0003534694529
0.001194338032,0.000352462726
0.003409835634,0.0003429978005
0.02537390394,0.0003451855211
0.0121313105,0.0003339827859
1.170742583e-05,0.0003330958807
-0.0002878647285,0.0003243983075
0.02116351318,0.0003323985743
0.0252269168,0.0003293025074
0.0001777618637,0.0003269170198
0.0003990659767,0.0003093328665
0.001683066345,0.0003044056007
0.0238150297,0.0003113281985
0.01442651341,0.0003085599366
0.0004172811379,0.0003136618061
0.001608230127,0.0003145454054
0.002768345649,0.0003029862222
0.0002764885846,0.000297359144
0.003488922615,0.0002994387306
0.009182800706,0.0002979143574
-5.393511632e-05,0.0002940061828
0.003674466339,0.0002881853735
0.001620808143,0.0002935755636
0.0002612684508,0.0002902341519
0.001261718445,0.0002878826471
0.0003563105517,0.0002851865165
0.007791429336,0.000283467899
0.006591974904,0.0002855459424
0.01787428591,0.0002859434261
0.006835417694,0.0002892925709
0.0101293673,0.0002883502083
0.00661257065,0.0002861469883
0.009593020694,0.0002790936237
0.002478673775,0.0002741955206
0.006515520835,0.0002752484559
0.0002993437379,0.0002772013576
0.02112871244,0.0002691461027
0.00494636256,0.0002615625838
0.0007175953041,0.0002615590596
0.01812444274,0.0002657252293
0.0003356621053,0.0002641692981
0.0002818073397,0.0002598229518
0.005769520274,0.0002580670071
0.0125583048,0.0002556110467
0.0003797828344,0.000252913161
0.0009312541977,0.0002570694435
0.01374589129,0.0002600597371
0.0003361489805,0.0002527085906
0.0002828863603,0.0002394762569
0.00031337865,0.0002354278156
0.001808860698,0.0002389636984
0.0001435357024,0.0002402617994
0.0003273822986,0.0002380869725
0.0002964986993,0.000235066357
0.0002205021085,0.0002298801487
0.0001277259112,0.0002270476391
0.0002567066435,0.0002291436394
0.002378362497,0.0002305132696
0.0003202504344,0.0002279144527
0.0003047404502,0.0002261199717
0.0002822555286,0.0002259306088
0.0007773962811,0.000223730854
0.003161648251,0.000217181037
0.000238193428,0.00021005147
0.002386047166,0.0002075004132
0.004333686452,0.0002093450371
0.009360944179,0.000210746868
0.006170174676,0.0002092852706
0.0003052488343,0.0002049187177
0.0008239995687,0.0002005473448
0.004835898504,0.0001992254121
0.0002970245582,0.0002008117204
0.007074226528,0.000201639201
0.00170601358,0.0001998477106
0.0002785257784,0.0001948771636
0.0002840419742,0.0001861228128
0.001325243581,0.0001810255785
0.0006592082644,0.0001818352894
0.0002609753699,0.0001833021506
0.0002660984799,0.0001783829919
0.004786141854,0.0001683904403
0.000273916906,0.000164123096
0.001885837547,0.0001665514613
0.00232898966,0.0001672927412
0.001439380787,0.0001650996125
0.0002671015623,0.0001604453381
0.001187668745,0.0001540039214
0.001514252106,0.0001505784836
0.0005001784062,0.0001455331928
0.00015564822,0.0001386841707
0.0002549495881,0.0001331967468
0.0002131279383,0.0001314095896
0.0005452518498,0.0001337976459
0.001751082066,0.0001381989539
0.0002082061428,0.000139643892
0.0002423521029,0.0001379641706
0.0001824098254,0.0001339839662
0.0002410080694,0.0001326149898
0.0002106639187,0.0001317250523
0.0001163299139,0.0001355293027
0.0002330407059,0.0001414860586
0.0003075256345,0.0001425531183
0.000220399651,0.0001402449376
0.0002009895297,0.0001401455419
0.0002026521433,0.0001427368291
0.0001183709871,0.0001432354727
0.0002026921807,0.0001443467979
0.0002129485612,0.0001493291807
0.0002117702289,0.000158132935
0.0001576400736,0.0001648790856
0.0001605924763,0.0001678346476
0.0001968544608,0.0001667612256
0.0001985963765,0.0001643398839
0.0001989044958,0.0001660348812
0.0001226011051,0.0001709643752
0.0001801403341,0.0001763561006
0.0001721968489,0.0001815719245
0.0001885363823,0.0001862205183
0.9608914743,0.0001459142155
0.01509667756,0.0001423536787
0.0008895274022,0.0001376751252
0.000306208422,0.0001346751048
0.05426574436,0.0001307929229
0.02725674508,0.0001268358719
0.02796735725,0.0001237570812
0.000355510137,0.0001222661432
0.03529952962,0.0001194125181
0.04181173832,0.0001161031074
0.001037888843,0.0001127475912
0.01085581416,0.0001102394531
0.004431426377,0.0001074422893
0.01020588114,0.0001054725811
0.02983398524,0.0001035512402
0.000262836481,0.0001006687865
0.01884314692,9.72820852e-05
0.0001108847178,9.388713904e-05
0.003652491746,9.167541594e-05
0.0209837519,8.998376944e-05
0.01397485293,8.765460318e-05
0.0001222720861,8.533609509e-05
0.02438249032,8.203648134e-05
0.01178869515,7.971159384e-05
0.01336038163,7.703433683e-05
0.01164881956,7.428965484e-05
0.005358264315,7.275073919e-05
0.01015585785,7.071102812e-05
0.00429120527,6.790450146e-05
0.003356147508,6.588315792e-05
0.01243751493,6.367582316e-05
0.002308357823,6.169147457e-05
0.004042625487,5.946252932e-05
8.882149598e-05,5.831795254e-05
0.00011431683,5.919403459e-05
0.001649258973,5.719386242e-05
0.001288277019,5.564799354e-05
0.000111280289,5.503296522e-05
0.000109448714,5.449874581e-05
7.488909445e-05,5.448140097e-05
0.0002268505952,5.478754336e-05
0.0001038717046,5.465500636e-05
0.000317510831,5.500819448e-05
0.0007783041996,5.586952882e-05
0.0009470415549,5.713537538e-05
9.425677673e-05,5.901019905e-05
9.078671481e-05,6.054725935e-05
-0.002836432159,6.36879868e-05
9.04940015e-05,6.540906596e-05
4.841037806e-05,6.709947758e-05
0.0003630718736,6.867997004e-05
5.87705149e-05,7.091662552e-05
0.0007307652103,7.293435699e-05
7.01521855e-05,7.57849734e-05
6.821662229e-05,7.892553972e-05
7.586090478e-05,8.209029713e-05
7.380325922e-05,8.554079424e-05
6.136516907e-05,8.882067849e-05
0.0003508845974,9.209525711e-05
6.987870782e-05,9.481016152e-05
0.0001190686803,9.673112271e-05
6.635712097e-05,9.905092406e-05
0.0007458218821,0.0001022069285
6.333743326e-05,0.0001058917329
5.955060935e-05,0.0001095460615
4.993190477e-05,0.0001126661345
4.343050056e-05,0.000115474772
4.275012435e-05,0.0001181754334
3.288173913e-05,0.0001211413837
4.625702131e-05,0.000124792144
0.0001293965755,0.0001285393112
4.93630676e-05,0.0001315336997
5.304538833e-05,0.0001342493495
5.142418617e-05,0.0001372587615
5.141846648e-05,0.000140689258
5.172314413e-05,0.0001443406632
0.0002881355162,0.0001477905658
0.0001625104611,0.0001512187544
5.246360183e-05,0.0001547015485
4.33551213e-05,0.0001579146047
2.158160701e-06,0.0001610230006
0.000807004036,0.0001640508407
5.368668921e-05,0.0001671513241
0.0001685713778,0.0001702730284
5.478465569e-05,0.0001732332375
6.240558813e-05,0.0001759515379
0.0004456052446,0.0001783871356
5.439290946e-05,0.0001809821461
5.908399607e-05,0.0001836426906
5.295994115e-05,0.0001866546401
0.0008892537295,0.0001900957406
0.0004797900578,0.0001926264715
6.367580583e-05,0.0001952135904
6.333065067e-05,0.000197988072
6.570607329e-05,0.0002011329482
6.565960257e-05,0.0002038717432
0.0001726603392,0.0002064871001
4.422253248e-05,0.0002084992967
7.363815725e-05,0.000210760762
7.367175091e-05,0.0002129692083
7.21079492e-05,0.0002155128072
0.0002181741796,0.0002183347655
7.788290881e-05,0.0002210270587
0.001157728978,0.0002235314187
8.17740251e-05,0.0002256252639
8.625006788e-05,0.0002276580636
8.721408878e-05,0.0002299600542
8.852183573e-05,0.0002323960314
-3.63497333e-06,0.0002348067722
7.882340753e-05,0.0002370471547
0.0004636828574,0.0002391448663
9.794192451e-05,0.0002412599124
9.740002773e-05,0.0002433737118
0.000365800595,0.0002454919351
0.0001026181042,0.0002476959935
0.0001019900058,0.0002497900275
9.686981857e-05,0.0002517519074
0.0001098320364,0.0002535091119
0.0001110087439,0.0002552664243
0.0001109544441,0.0002571254236
0.0001028643485,0.0002590564334
0.0008006408954,0.0002608091843
0.0001116499459,0.0002626006728
0.0005344949481,0.0002646197315
0.0001222845484,0.0002664124134
8.652753629e-05,0.0002682995566
0.0001534574033,0.0002703501328
0.0001294451,0.0002724356155
0.0001269142539,0.0002742050708
0.0008521712539,0.0002754377001
0.0001340372641,0.0002768216511
0.0001363475002,0.0002784299705
0.0001374652943,0.0002800516496
0.0001342335625,0.0002817659201
0.00120825934,0.0002832845624
0.0001368948131,0.000284640701
2.789619484,0.0001152644087
0.3710978003,0.0001105267851
0.008774713407,0.0001118306626
0.104800747,0.00011469798
0.01246958741,0.0001170414391
0.008742179367,0.0001201396435
0.027836391,0.0001233191422
7.097672508e-05,0.0001262427118
0.06353107673,0.0001287387147
0.0003233528168,0.0001316000303
0.01071723112,0.0001338188383
0.02956532445,0.0001369376165
0.05671685726,0.0001394731001
0.03116133596,0.0001422915013
0.04754980402,0.0001451106105
0.003116977658,0.0001478031525
0.0003599893305,0.0001502267233
0.05202479966,0.0001525737928
0.005202603352,0.0001552412433
0.0005923077323,0.0001581269298
0.01889305505,0.0001610520983
0.005111575332,0.0001637411434
0.0280899176,0.000165953211
0.009191296744,0.0001683590735
0.00221916813,0.0001710628295
0.004525498704,0.0001738968086
0.0001791710648,0.0001760746426
0.0002218183886,0.000178438437
0.000169296467,0.0001808620118
0.02248870645,0.0001830372428
0.0001236526314,0.0001851342109
0.003741212379,0.0001874349627
0.02372836333,0.0001899191698
0.002544160172,0.0001922927659
0.009243402263,0.0001947250881
0.009045697089,0.0001973179398
0.009608890801,0.0002000156748
0.00138895173,0.0002024681967
0.0002044553751,0.0002045691645
0.003950383387,0.0002066848555
0.01335243704,0.0002087891327
0.00455413656,0.000211046082
0.000195249183,0.0002133545164
0.003920918648,0.0002148443101
0.008258005206,0.0002167958169
0.0001236349274,0.000218728685
0.00245827442,0.0002209218393
0.0003472720762,0.0002230170325
0.0001964693187,0.0002252579076
0.0001949439038,0.0002275385988
0.000229269601,0.00022956729
0.0001930853991,0.0002311975408
0.006722581358,0.0002326726488
0.009113454148,0.0002343474404
0.0002471317729,0.0002361880243
0.003018538525,0.0002381861856
0.004736958764,0.0002400446034
0.0001101448401,0.0002417363919
0.003122885238,0.0002432961093
0.000253548832,0.0002449644514
0.009190367879,0.0002468620706
0.009680875089,0.0002488455126
0.006936969238,0.0002506457897
0.0002476605556,0.0002521817823
0.007481266658,0.0002535100051
0.002449835302,0.0002547020579
0.0002490837284,0.0002559969618
0.0002621314489,0.0002574440505
0.0002541338536,0.0002589526556
0.0001602054917,0.0002602739311
0.003211986361,0.0002613960473
0.01489865364,0.0002626293136
0.000262584683,0.000263865852
0.0002528966933,0.000265173591
0.003351847715,0.0002663787117
0.0002414883326,0.0002675794728
0.0002480337133,0.000268723534
0.0002821255331,0.0002698087278
0.0002674831875,0.0002708801243
0.0002599114807,0.0002720090765
0.0002583537112,0.0002731546689
0.0002376075993,0.0002742483575
0.003692053072,0.0002752878711
0.0005674340907,0.0002763013933
0.000208616475,0.0002774933667
0.000287827184,0.0002785445767
0.003563102238,0.000279525415
0.003156174711,0.0002804263008
0.006659786525,0.0002811499241
0.003094855781,0.0002818463234
0.006533814402,0.0002825026837
0.001347907032,0.0002831745919
0.0001280866862,0.0002838219863
0.0002821685156,0.0002844847695
0.006391682341,0.000285103692
0.002970031991,0.0002857371138
0.005448114753,0.0002863736502
0.005091366946,0.0002870792979
0.0002975734431,0.0002878183891
0.0002934820995,0.0002885567494
0.0003726826175,0.0002892286554
0.0002884936237,0.0002897677253
0.005561833528,0.000290155858
0.0002728715749,0.000290416206
0.0002917637404,0.0002905976451
0.00280343419,0.0002908507706
0.0008069255621,0.0002911766228
0.0002704017576,0.0002915168808
0.01440287397,0.0002918494387
0.008620119557,0.0002921381207
0.0002931706563,0.0002923617388
0.007634886478,0.0002931888199
0.0002710062502,0.0002945623129
0.006306343173,0.0002958629166
0.00145714555,0.0002956781947
0.007898936408,0.000294676313
0.0003180756607,0.000294071563
0.00552928464,0.0002938866369
0.006064744274,0.0002946374674
0.01633337086,0.0002973346839
0.004780682859,0.0003018637994
0.0003207737863,0.0003084633534
0.007825228428,0.0003167646657
0.0003083619702,0.0003242999356
0.0002783922399,0.0003310537105
0.0003236979082,0.0003394544331
0.0004533572047,0.0003513341826
0.005189957716,0.0003615256235
0.00297193602,0.0003702226535
0.006514133764,0.0003846913415
0.0002211600909,0.0003792322724
0.003283636283,0.000371163476
0.0003212328568,0.0003906520309
0.02016481765,0.0004391549109
0.0002849329194,0.0004390759858
0.003410796513,0.0004252919317
0.0004150639438,0.0004230769637
1.750466576,0.0002363335823
1.772845521,0.0002383240049
0.8372508434,0.0002395813083
0.5994104214,0.0002405128146
0.01785041438,0.0002417920536
0.1192713687,0.0002432978908
0.03282343167,0.0002444026679
0.1618283514,0.0002456387498
0.1684496422,0.0002466515009
0.001238699578,0.0002473119426
0.1295750216,0.0002482827552
0.0008816692863,0.0002492487811
0.312114921,0.0002502789253
0.07305080615,0.0002518951135
0.08018129674,0.0002529802649
0.1349886331,0.0002534370903
0.001276619615,0.000253743712
0.1213233383,0.0002544931867
0.04018132003,0.0002556199677
0.006477249997,0.0002568253016
0.003278902385,0.0002576088905
0.01108359754,0.000258211796
0.0007159731269,0.0002587975582
0.02574393628,0.0002592125452
0.06872977603,0.0002597927244
0.03780346374,0.0002606079955
0.007964700051,0.0002612172354
0.106952917,0.0002617121702
