5.764129702,8.141880286
3.880839234,11.3834888
3.214869845,8.265966632
2.697732578,8.922720908
2.411079499,7.121595531
2.162244238,5.359369238
1.943142531,3.996908797
1.761848623,3.014454711
1.608815519,2.615048506
1.48285512,2.253950839
1.374792586,1.826038232
1.274126625,1.719519264
1.189734894,1.590267487
1.115868859,1.341032457
1.049874385,1.230539241
0.9910117376,0.983879226
0.9400510329,1.002100567
0.8942691923,0.9073900136
0.8531665399,0.8273753477
0.8165539465,0.782178718
0.7824504614,0.7436905304
0.7515075051,0.8233273398
0.7231219926,0.7236747529
0.6969625576,0.6924381017
0.6729520778,0.7116838714
0.6504720048,0.7051121282
0.6298930113,0.5878367909
0.6101317119,0.5441715792
0.591623926,0.5331916448
0.5741235628,0.5447342297
0.5574251178,0.5402868354
0.5416553597,0.492842963
0.526797232,0.4501695297
0.5128293813,0.422727942
0.4997298754,0.4054247932
0.4871086846,0.3798243869
0.4750355403,0.3418386983
0.4634068269,0.3054965795
0.4523605565,0.3014660371
0.4417878318,0.3150644762
0.4317887925,0.3403032792
0.4223180057,0.3429610753
0.4133327375,0.3238181766
0.4049497173,0.3087158495
0.3968952691,0.3145212914
0.3889217226,0.2933312321
0.3812134179,0.2671089768
0.3737698747,0.2393428179
0.3666063197,0.2320363423
0.3597767823,0.2280286093
0.3532173135,0.2268616977
0.3469156639,0.2141971301
0.3408824493,0.2002883667
0.3349603164,0.1878930066
0.3292444445,0.1898346972
0.323692636,0.1917202374
0.3183041051,0.1804172706
0.3131933238,0.1707835489
0.308285516,0.1652055679
0.303551693,0.1710878571
0.2990218796,0.1718263671
0.2945439042,0.1582392318
0.2902427344,0.1734699164
0.2860601948,0.166665578
0.2819460296,0.159862933
0.2778419485,0.1646828041
0.2738435495,0.1696054979
0.2700039191,0.1639770487
0.2663038095,0.1470724278
0.2626708879,0.1430940522
0.2591230157,0.1465616524
0.2557342869,0.1399994421
0.2524492801,0.1341319396
0.2492142836,0.1314504732
0.2460588797,0.125912648
0.2429434793,0.124049292
0.2399122321,0.1257732989
0.2369665323,0.1097737791
0.2341356389,0.1067514311
0.2313910793,0.1037423899
0.2286934025,0.1087931681
0.226051714,0.1004677605
0.2234541754,0.09705494327
0.2209100371,0.09750045315
0.2184301579,0.0986452168
0.2159869297,0.1038315995
0.2135833501,0.09450880692
0.2112348399,0.08657086263
0.2089404224,0.08419176156
0.2067023732,0.08602478562
0.2045277478,0.0909982682
0.2023834231,0.08462742867
0.2002814998,0.08201419042
0.1982388092,0.08421578448
0.1962594702,0.08228047948
0.1943064868,0.08043627772
0.1923868042,0.07645147046
0.190508341,0.07623371092
0.1886857778,0.07407552025
0.1868885058,0.07286257339
0.1851126783,0.07711931333
0.1833744614,0.06912022869
0.1816719884,0.06288795361
0.1799920559,0.06392592564
0.1783489734,0.06447379743
0.1767367723,0.06655011795
0.1751488769,0.06260920647
0.1735824279,0.06280025137
0.1720511726,0.0634064284
0.1705672473,0.06105670984
0.1691114258,0.06244151292
0.1676816831,0.06064925157
0.1662777106,0.05787240093
0.1648857228,0.05644180322
0.1634968674,0.05281977373
0.1621307268,0.05069357522
0.1607896699,0.04737432384
0.1594728851,0.04779680689
0.1581729932,0.04582832653
0.1568895367,0.04608767266
0.1556254103,0.04804733722
0.1543840167,0.04585375213
0.153162029,0.04391988316
0.1519593082,0.04195930043
0.1507738992,0.04234908539
0.1496048398,0.04186351344
0.1484563662,0.04033076303
0.1473319393,0.03696119486
0.1462267383,0.03541650538
0.1451361936,0.03762153016
0.144064344,0.03586637429
0.1430043912,0.03444398734
0.1419581539,0.036630342
0.1409275894,0.03869115377
0.1399121761,0.03685923195
0.1389100399,0.03419794751
0.1379242051,0.03404716735
0.1369576188,0.03157951403
0.1360109175,0.03372009655
0.1350829446,0.03526038566
0.1341637502,0.03423702224
0.1332501356,0.03093622272
0.1323457695,0.03012627456
0.1314483814,0.03079230146
0.1305610761,0.029161254
0.1296881041,0.03005735893
0.1288290427,0.03026557673
0.1279805674,0.02919704274
0.1271413701,0.02714278493
0.1263098778,0.02646798782
0.1254892473,0.02636407718
0.1246813076,0.02647707443
0.1238828941,0.02412091672
0.1230917319,0.02538608255
0.1223131766,0.02740117888
0.121547162,0.02700462449
0.1207942312,0.02790327621
0.1200532196,0.02689236142
0.1193194043,0.0252700952
0.1185927094,0.02465794586
0.1178732667,0.02451201163
0.1171634877,0.02390027035
0.1164626425,0.02223841551
0.1157698738,0.02086098257
0.11508424,0.02058781628
0.1144070354,0.01896458995
0.1137378391,0.01993841015
0.1130757258,0.02063149549
0.1124201228,0.02147511631
0.1117691267,0.02300728296
0.1111246024,0.0236326288
0.1104873096,0.02251023776
0.1098593464,0.02183990731
0.1092411575,0.02214589628
0.1086315319,0.02243284785
0.1080285587,0.02236624988
0.1074319723,0.02147457576
0.106842388,0.01993443301
0.1062600983,0.01930318588
0.105684648,0.02012832487
0.1051141814,0.02096450093
0.1045489444,0.02060405536
0.1039890392,0.02060144357
0.1034357677,0.01992793188
0.1028892198,0.018524006
0.1023484521,0.01881654128
0.1018142625,0.01913332533
0.1012858506,0.01734262503
0.100762519,0.02128211647
0.1002439376,0.03759925271
0.09973010014,0.06082510693
0.0992201948,0.05600125991
0.09871589705,0.02543182644
0.0982157624,0.01809353884
0.09772095552,0.01807874363
0.09723254616,0.01812483002
0.09675040895,0.0178819473
0.09627345266,0.01786754561
0.09580148965,0.01698030502
0.09533450855,0.01688657796
0.0948707958,0.01632140189
0.0944092329,0.01614285403
0.09395109082,0.01517843261
0.09349739158,0.01526136577
0.09304783245,0.01475644993
0.09260246453,0.01411072252
0.09216195436,0.01399396083
0.09172621313,0.0195552629
0.09129520401,0.03670219446
0.09086907675,0.02876216135
0.09044818189,0.03883099692
0.0900319456,0.03301386754
0.08961876293,0.01763666131
0.08920788078,0.01679202284
0.08879903955,0.02676357057
0.08839363341,0.04017939348
0.08799259839,0.06006824295
0.08759701377,0.03994385546
0.08720618171,0.02391914026
0.08681808777,0.01392358985
0.08643306606,0.01257302783
0.08605175388,0.01752904944
0.08567413354,0.03085170194
0.08530012864,0.01906079817
0.08493003422,0.01031410191
0.0845627541,0.0111035016
0.08419811978,0.01257960212
0.08383588782,0.02441970188
0.08347709761,0.02901051083
0.0831212518,0.02739965838
0.08276780472,0.02124232406
0.08241737525,0.01216875994
0.0820700866,0.01156068203
0.08172573317,0.01158315634
0.08138509967,0.01204387192
0.08104744144,0.01250431618
0.08071265551,0.01202503784
0.0803809376,0.01169064219
0.08005199181,0.01107503372
0.07972583081,0.01073891106
0.07940252208,0.01024093842
0.07908189763,0.00940613773
0.07876323767,0.009108288837
0.0784467168,0.009659867427
0.07813293608,0.009913561836
0.07782183472,0.009826505415
0.0775127012,0.009560351185
0.07720578551,0.008951542173
0.07690102073,0.008808077944
0.07659870743,0.009415272756
0.07629869297,0.009736497235
0.0760007709,0.009405901008
0.07570521111,0.009830831395
0.07541184157,0.01045372328
0.0751203279,0.01032801466
0.07483028277,0.009490513898
0.07454171304,0.01651245337
0.07425497931,0.008612286601
0.07397043912,0.008563342521
0.07368842293,0.0135689561
0.07340923258,0.009050405943
0.07313286181,0.008477624923
0.07285882838,0.008860030449
0.07258711802,0.00890121421
0.07231704896,0.008973161082
0.07204859507,0.009148991341
0.07178188409,0.00911363127
0.07151670647,0.008748693859
0.07125362647,0.01015631456
0.07099334902,0.009579307454
0.07073544952,0.008251796952
0.07047923896,0.008666868215
0.07022468659,0.008489788292
0.06997190918,0.00832027184
0.0697210456,0.007977735556
0.06947216319,0.007772066735
0.0692251297,0.00753115237
0.06897975874,0.007531492538
0.06873556396,0.00793080836
0.06849327211,0.008153865911
0.06825351569,0.008753786435
0.06801607612,0.009268673241
0.0677803802,0.009324090576
0.06754594158,0.008987452776
0.06731277325,0.008697287599
0.06708096846,0.008385913517
0.06685035437,0.008018427656
0.06662106472,0.007369926719
0.06639312439,0.007211848642
0.06616681279,0.007538370687
0.06594213053,0.0076122222
0.06571875597,0.007783165933
0.0654964349,0.007922375965
0.06527566099,0.008077856207
0.0650564125,0.008105156186
0.0648385395,0.008213558529
0.06462191395,0.008283916806
0.06440666953,0.007968757232
0.06419270309,0.007636773625
0.06398017935,0.0149263835
0.06376897902,0.01567497656
0.06355933263,0.02028672402
0.06335101792,0.02089263246
0.06314415172,0.02184159864
0.06293905239,0.01396560988
0.0627354829,0.007914405085
0.06253335416,0.007463816479
0.06233270414,0.009516067626
0.06213356817,0.01898124894
0.06193562911,0.03256053824
0.06173863325,0.04164104488
0.0615427744,0.03284406898
0.061348215,0.02220432884
0.06115496053,0.01313291582
0.06096311393,0.01074608466
0.06077278139,0.01588903729
0.06058386302,0.01793549163
0.06039624591,0.017209826
0.06020996428,0.01712252099
0.06002490883,0.02851076637
0.05984111556,0.03269057591
0.05965862192,0.03319054897
0.05947733159,0.02685436482
0.05929707852,0.01936287539
0.05911774048,0.01548709928
0.05893933093,0.01252356978
0.058761582,0.01254116505
0.05858454099,0.01368811012
0.05840874052,0.01127756667
0.05823424132,0.005972498652
0.05806084358,0.005965649525
0.05788834811,0.005873045072
0.05771657983,0.005883420968
0.05754557778,0.005917526906
0.0573753712,0.006056251299
0.05720612809,0.00611381851
0.05703825515,0.00604888834
0.05687169125,0.006120805386
0.05670624187,0.007628183101
0.05654177658,0.01540863479
0.0563782125,0.02258620885
0.05621535422,0.02219383763
0.0560533234,0.02091499275
0.05589222221,0.01435020713
0.05573209492,0.01256433835
0.05557309963,0.008843908307
0.05541519888,0.006695241957
0.055258101,0.005820222846
0.05510170081,0.005643997741
0.05494619571,0.005592804794
0.05479164648,0.005532577397
0.05463799473,0.005385744789
0.05448514379,0.005189825681
0.05433303377,0.005139995235
0.05418179274,0.005384427806
0.05403133157,0.005650024793
0.05388158382,0.006032195018
0.05373245644,0.01167059023
0.05358410793,0.01578016925
0.05343671054,0.02091367291
0.05329025856,0.02351554357
0.05314463765,0.02767943165
0.05299974027,0.02328912066
0.05285566158,0.01601491613
0.0527125069,0.007881736926
0.05257017931,0.006005909665
0.05242865579,0.006000483156
0.05228795868,0.007273210618
0.05214813329,0.006867369951
0.05200915928,0.004804752755
0.05187094571,0.00458791318
0.05173325054,0.004652939469
0.0515960836,0.004658934985
0.05145946456,0.004780765107
0.05132351821,0.004940652804
0.0511882568,0.005135234524
0.05105371503,0.005336853317
0.0509199491,0.005545841249
0.05078684998,0.005627300352
0.05065444989,0.005521074633
0.05052263888,0.00645478553
0.05039146129,0.01009054833
0.05026093673,0.01027486311
0.05013107931,0.009158755153
0.05000168615,0.006764353301
0.04987353224,0.005353956795
0.04974561255,0.004489875604
0.0496184132,0.004511425793
0.04949221242,0.004418783126
0.04936689928,0.00451655476
0.04924230382,0.004594091943
0.04911829549,0.00453796221
0.04899474008,0.004633995531
0.04887157039,0.004930504702
0.04874885489,0.00522526185
0.04862679658,0.005514574396
0.04850550824,0.005155584712
0.04838484227,0.00482016531
0.04826491439,0.006203735344
0.04814557628,0.01349731577
0.04802689216,0.01739849674
0.04790865751,0.01973460474
0.04779085887,0.01881658915
0.04767354604,0.02119967692
0.0475567149,0.01765016702
0.04744041196,0.01390611741
0.04732474823,0.009225125394
0.04720984269,0.005043036031
0.04709557348,0.003904075413
0.04698194626,0.00392556507
0.04686893157,0.004065635909
0.04675647143,0.004080643848
0.0466444509,0.004148629696
0.04653293381,0.004194681667
0.04642186742,0.00543615419
0.0463112257,0.006219759908
0.04620113798,0.004121322497
0.04609163111,0.004101816461
0.04598259413,0.004135550515
0.04587403183,0.004108039729
0.04576595822,0.004052286199
0.04565836161,0.004063653799
0.04555125893,0.003913812217
0.04544472474,0.003487264112
0.04533867883,0.00440777691
0.04523313877,0.008242978325
0.04512809048,0.009974847016
0.04502359721,0.01055731867
0.0449196469,0.00938838381
0.04481611364,0.009823608346
0.04471298769,0.01024771388
0.04461038739,0.009660048232
0.04450823782,0.009698848811
0.04440659111,0.01051365721
0.04430549246,0.008538418242
0.04420484157,0.007551809499
0.04410461172,0.004138134159
0.04400482139,0.003676402474
0.0439055501,0.003747667273
0.0438066879,0.003802657154
0.04370826955,0.003706307472
0.04361023398,0.003564356337
0.04351256307,0.003377730073
0.04341524326,0.003111705531
0.04331829716,0.003022550639
0.04322183235,0.003086303944
0.04312583195,0.003333207713
0.04303031044,0.003908707096
0.04293525245,0.003589652622
0.04284062775,0.003319966036
0.04274635531,0.003270335788
0.04265239841,0.003065884897
0.04255883427,0.003218846822
0.04246574326,0.004660094634
0.04237309238,0.003514734023
0.04228093122,0.002843280351
0.04218912947,0.002938734738
0.04209763807,0.003007101286
0.04200644356,0.002987973287
0.04191556762,0.003032545754
0.04182491168,0.003443805797
0.04173490978,0.00559115251
0.04164524714,0.006290049571
0.04155610322,0.006404696594
0.04146748087,0.006788439235
0.04137934079,0.007920334752
0.04129168369,0.008446204339
0.04120445565,0.006236893395
0.04111759488,0.004689686768
0.04103101417,0.003627873752
0.04094472955,0.003440325569
0.04085875484,0.00295412717
0.04077311584,0.003037597891
0.04068781048,0.002977875535
0.0406028685,0.002785513036
0.04051827564,0.002673618123
0.04043409541,0.002781623913
0.04035027311,0.002920324961
0.04026679334,0.003596909492
0.04018354032,0.00490506797
0.04010053066,0.005317765881
0.04001793493,0.007208421224
0.03993573978,0.007632465132
0.03985392473,0.006591821767
0.03977250949,0.005939779624
0.03969146482,0.004583430049
0.03961076679,0.003215918886
0.03953040066,0.002390538398
0.03945032316,0.002474771104
0.039370545,0.002681308022
0.03929106981,0.002702808855
0.03921191835,0.002572406329
0.0391331054,0.002472122831
0.03905461528,0.002458234799
0.03897641121,0.002590722721
0.03889851856,0.007089004773
0.03882092812,0.008173557908
0.03874361524,0.008343522008
0.0386665659,0.009685957441
0.03858974912,0.01049272829
0.03851322278,0.0106989705
0.03843698666,0.009665891802
0.03836109507,0.007855535786
0.03828553377,0.005039789947
0.03821035487,0.002745622584
0.038135481,0.002508453027
0.03806092842,0.002494359266
0.03798663919,0.002427541211
0.03791261942,0.002378281893
0.03783890385,0.002371435318
0.03776550077,0.002412994274
0.03769237598,0.002452413678
0.03761956082,0.002437221709
0.03754695613,0.002381697061
0.03747461598,0.00284649325
0.0374025539,0.0030712874
0.03733086009,0.002611911824
0.03725944351,0.002592613757
0.03718830077,0.002420005669
0.03711742257,0.002369862283
0.03704679727,0.002325299758
0.0369763966,0.002260008763
0.03690628836,0.002245327841
0.03683643171,0.002317802505
0.03676684846,0.002322223037
0.03669757058,0.002337028947
0.03662851617,0.002329626752
0.03655969238,0.002289781765
0.03649108828,0.00224841777
0.03642278382,0.002213587507
0.03635472258,0.002231031407
0.03628689188,0.002233040334
0.03621933832,0.002256437264
0.03615207641,0.002325210567
0.03608509776,0.002406987905
0.03601839011,0.003081072966
0.03595193084,0.004928425637
0.03588573948,0.005748072388
0.0358197786,0.004972607674
0.03575405797,0.004243855446
0.03568857191,0.003402175092
0.03562329377,0.003215701674
0.0355582598,0.003302711248
0.03549344478,0.002650695768
0.03542886474,0.002289266751
0.03536453423,0.002415374774
0.8785843425,1.027682764
0.4463031533,0.8383369749
0.2976425355,0.612776669
0.2125482161,0.5549359218
0.1626118919,0.46687819
0.1330725135,0.412031665
0.1132631444,0.3598134885
0.09415208257,0.3028176998
0.07923569889,0.2919497901
0.06790780978,0.2576538456
0.05940634689,0.2481433828
0.05484709716,0.217417239
0.05082129375,0.1968100613
0.0460231349,0.1854111264
0.04171870839,0.1908453141
0.03888091055,0.1640762584
0.03535196471,0.1515406959
0.03102674766,0.1543235482
0.02807750092,0.1421169524
0.02613179783,0.1363272867
0.02521779507,0.1340838277
0.02469590236,0.1214639026
0.02427830614,0.1158783219
0.02372513174,0.1167915033
0.02340436576,0.1099313726
0.02293369878,0.1039841244
0.02213844029,0.09712134859
0.02123595538,0.09880881846
0.02030412832,0.09059567791
0.01934835767,0.0905174692
0.01844007012,0.08585670825
0.01757175517,0.08173753574
0.01692128801,0.07753013841
0.01637906564,0.06963050222
0.01574329271,0.0713317237
0.01523171049,0.07132971688
0.0148599062,0.06884872688
0.01459748062,0.06200509483
0.01420762297,0.05969897682
0.01368405271,0.0547580624
0.01326862624,0.06216666559
0.01293518361,0.05658880685
0.01262924432,0.05011345806
0.01232846351,0.04905788578
0.01204437214,0.04947780443
0.01176540095,0.04879768778
0.01149630693,0.04562357944
0.01109944298,0.05500749309
0.01092763628,0.04521141584
0.01061801675,0.04782293484
0.01032132312,0.04298021643
0.01004794252,0.04137019236
0.009813525871,0.04190947415
0.009611992426,0.03957808241
0.009451035868,0.03819192828
0.0093006385,0.04009963991
0.009164988047,0.03724214107
0.009010769794,0.0375416033
0.008840007986,0.03575992266
0.008646065679,0.03233948182
0.008456804904,0.03195381819
0.008261221509,0.03234200298
0.00802102312,0.03126774299
0.007754284798,0.03289868238
0.007504607162,0.02904998349
0.007293000761,0.03276180378
0.007154723537,0.03663517633
0.007070555322,0.03141748673
0.006992268136,0.02996842441
0.006907917314,0.02745136261
0.006820102701,0.02793578517
0.006744986806,0.02694098274
0.006681154022,0.05042701524
0.006611974509,0.0587846641
0.006532679553,0.04929054619
0.006462818547,0.03631745331
0.006391181183,0.03347341651
0.006314444036,0.08278880536
0.006232011527,0.1167321755
0.006152435858,0.1043812596
0.006068820859,0.04131258532
0.005992037687,0.02323592993
0.005915531348,0.03095391696
0.00585071474,0.07667322921
0.005787191473,0.08719462637
0.005724715163,0.07007291778
0.005668119987,0.02346252474
0.005617143837,0.02256439338
0.005568256484,0.02106287908
0.005521119139,0.02002923402
0.005473875108,0.0465186428
0.005420832477,0.03730786972
0.005363580579,0.02021998149
0.005292515185,0.01941087971
0.005216804953,0.0185403237
0.005144415363,0.01940358162
0.005082207465,0.01973573488
0.005037100411,0.01872074676
0.005001682932,0.02744124896
0.004966365758,0.02236390979
0.004929728029,0.01705779507
0.004888858398,0.0182695863
0.004851386688,0.01912018627
0.004822115895,0.01824966306
0.004800435506,0.01713740032
0.004787025905,0.01561722653
0.004774784101,0.01571102366
0.004755621283,0.01489144805
0.004726210106,0.02759879557
0.004691228718,0.04690626282
0.004649510827,0.03252436012
0.004605101522,0.02129354738
0.004562442789,0.01499799356
0.004524519519,0.01958453552
0.004488287017,0.03088189691
0.004451653945,0.02016128425
0.004417403571,0.01456919518
0.004383732045,0.01623533564
0.004348267109,0.01629099378
0.004314690095,0.01828316725
0.004283904449,0.01410940901
0.004252251501,0.01374225701
0.004218231494,0.01420311971
0.004185529824,0.01497796392
0.00415768826,0.014207844
0.004134286682,0.01359978748
0.004111856108,0.01430770773
0.004088835677,0.01474783168
0.004064904376,0.0140714555
0.004035643016,0.01249342015
0.003999923249,0.01227573054
0.003961363907,0.01229912533
0.003922575366,0.0121581231
0.003884029834,0.01257739008
0.003849783088,0.01255534633
0.003817456632,0.01211521389
0.003786030777,0.01120472426
0.003753244724,0.01142146537
0.003720583678,0.01179053149
0.00368858677,0.01397877531
0.003654949002,0.01415587813
0.003620611381,0.01849432399
0.003586904528,0.02598139478
0.003554023425,0.01543836696
0.003522018202,0.01151907026
0.00349115833,0.01090913057
0.003465791768,0.01058826624
0.003444000586,0.01341568548
0.003423207324,0.01529619961
0.00340131256,0.01389893684
0.003377486528,0.009649812692
0.003352770125,0.009309925415
0.003326141753,0.009516574835
0.003298325246,0.009703566742
0.003272180638,0.009584638946
0.00324874711,0.009189703105
0.003226486242,0.00924553104
0.003204498298,0.009827049349
0.003183671403,0.01073537981
0.00316496945,0.01071209717
0.003147082064,0.01091750398
0.003130953681,0.01416272164
0.003115391675,0.02438384849
0.003098748874,0.03613232317
0.003081692582,0.04803878531
0.00306393994,0.05945096451
0.003045209909,0.05780324845
0.003025453578,0.0485934102
0.003002729816,0.04035556252
0.002978533341,0.03059872548
0.002954732723,0.02563314768
0.002931688224,0.01842789792
0.002909849651,0.01421124152
0.00288853025,0.01433118207
0.0028680237,0.01459657895
0.002847936172,0.01166287746
0.002827884751,0.009892381646
0.002808500868,0.007103321951
0.002791183484,0.007221745256
0.002776150873,0.007176840771
0.002762990688,0.007234585714
0.002748813578,0.007436108137
0.002734330099,0.009713112599
0.002719780091,0.02247082883
0.002706770967,0.0278690221
0.002695043261,0.02136876251
0.002683051321,0.02183577986
0.002669584941,0.02100382881
0.002655164706,0.01934367253
0.002641764712,0.02179573654
0.002629046997,0.01936162004
0.002617658278,0.01334805309
0.002607325806,0.007077768544
0.002597446567,0.006775207089
0.002587173256,0.006368023714
0.002575759459,0.006139892224
0.002563890777,0.006006265582
0.002551581511,0.005890667556
0.002539195848,0.006027809099
0.002527083264,0.006384408281
0.002514983424,0.006656108235
0.002503292152,0.006943472868
0.002490730078,0.0119742164
0.002477543475,0.01336214283
0.002464654978,0.01427496053
0.002452392532,0.01449065983
0.00244071416,0.01430243434
0.002429818522,0.0109834448
0.002419187316,0.01041836586
0.002408190774,0.01277444042
0.002397369282,0.01218764286
0.002387316529,0.009469994125
0.002377907643,0.005872324038
0.002369412797,0.005784133823
0.002361212787,0.005667510598
0.002353321575,0.005600666815
0.002345548087,0.005547363333
0.002337192469,0.008556131557
0.002327635446,0.007879262926
0.002317158928,0.005590853164
0.002306418332,0.005322322289
0.002296549375,0.005301502362
0.002288160898,0.005450436022
0.002279569772,0.005357135003
0.002270094927,0.005186786415
0.002259474174,0.005048758774
0.002247746358,0.004873007728
0.00223551391,0.004929933327
0.00222343947,0.005171489671
0.002211813588,0.005201772136
0.0022010081,0.005145990099
0.002191206794,0.005335516625
0.002182224498,0.005514462115
0.002174219224,0.005602958221
0.002167226888,0.005424443727
0.002160537456,0.005211469237
0.002153613784,0.009885952073
0.002146374762,0.01739645846
0.002138293141,0.0208344541
0.002129111886,0.02666486743
0.002119300294,0.02427315562
0.002109485589,0.021090089
0.002100430334,0.01659503002
0.002091420097,0.01423700414
0.002081982168,0.009857841321
0.00207339774,0.009609875701
0.00206488044,0.01141178507
0.002056461565,0.01250342368
0.002048531643,0.01019731129
0.002040960969,0.005828003408
0.002034215751,0.004960626739
0.002028011586,0.00539200932
0.002021703204,0.006588724298
0.002015363309,0.009108080092
0.002008800747,0.007186075583
0.002003012098,0.006617947586
0.001998089834,0.006164530516
0.001993691021,0.005497484855
0.00198997411,0.008307322497
0.001986049895,0.00919648584
0.001981406312,0.006882725336
0.001975702725,0.004467084388
0.001969012081,0.004124819711
0.00196152537,0.003782875084
0.001953999704,0.003876646262
0.001946776833,0.003961937542
0.001940133089,0.005344011695
0.001933473049,0.004130451388
0.001926543005,0.003988854548
0.001919714989,0.004040619637
0.001912807194,0.004025191153
0.001906291109,0.003978857716
0.001900130802,0.003966606421
0.001894360848,0.003914091404
0.001888500438,0.003695331862
0.001882718275,0.003498446916
0.00187705912,0.003520793829
0.001871585715,0.004002964227
0.00186604709,0.006199275854
0.001860223977,0.004652972814
0.001854203357,0.003923087158
0.001847819585,0.003566583399
0.00184107356,0.003434796609
0.001834021941,0.00382064133
0.001826961549,0.006474562692
0.001820477377,0.008592317691
0.00181463197,0.01318452809
0.001809040301,0.01755227675
0.001803262965,0.01716320959
0.001797061432,0.01170142545
0.001790566162,0.00524469386
0.001783970614,0.00335746614
0.001776395301,0.003538897637
0.001771324641,0.003452129007
0.001765798083,0.003296506267
0.001760960214,0.004766668608
0.001750310917,0.00962607543
0.001751925587,0.009487524782
0.00174761619,0.006996829387
0.001743268832,0.003853857795
0.001738757314,0.00331184088
0.001733679961,0.003335922081
0.001728116015,0.003217815631
0.001722199245,0.002979482887
0.00171620394,0.002916169112
0.001710459314,0.003039789047
0.001705170267,0.003091948375
0.001693808637,0.003047812017
0.001695794019,0.003461133328
0.001690923512,0.003997066352
0.00168570306,0.003346902223
0.001680479012,0.003420675204
0.001675528286,0.003365749486
0.001670789746,0.004093327202
0.001666435358,0.006903787798
0.001662115901,0.01177584909
0.00165773161,0.01476922017
0.001652954525,0.01388616654
0.001647797364,0.00953136205
0.001642479664,0.006894341572
0.001637105336,0.005379091421
0.001631590022,0.004894521925
0.001625648772,0.003404778481
0.001620212717,0.002820932782
0.001614833057,0.002793613255
0.001609708712,0.002701278899
0.001604711225,0.002545414449
0.001598752384,0.002480138794
0.001595320235,0.002585342327
0.001590976874,0.0028379909
0.001586775895,0.004131356925
0.001582672511,0.006100990504
0.001578527567,0.00784993121
0.001574320354,0.008720442797
0.00156998968,0.005487126314
0.001565618435,0.00276524759
0.00156124516,0.0024620823
0.001556834808,0.002598416334
0.001552192411,0.002662972908
0.001547370553,0.002676806738
0.001542413574,0.002691576137
0.001537330587,0.002706566646
0.001532089382,0.00268772849
0.001526871446,0.002583892752
0.001521795232,0.002385811507
0.001516955027,0.002242211893
0.001512314856,0.002415394366
0.001507839281,0.002625435319
0.001503516923,0.002643191532
0.001499396793,0.002544804003
0.001495244804,0.002478028565
0.001491027344,0.00322440587
0.001486884386,0.004957299818
0.001482750035,0.007231686146
0.001478796848,0.009698058213
0.001474855505,0.01195457304
0.0014708317,0.01272811118
0.001466682697,0.01191086489
0.001462422076,0.009425146468
0.001457956944,0.006509125342
0.001453318291,0.003369161403
0.001448831993,0.002638542362
0.001444532064,0.002467977015
0.001440584135,0.002393177621
0.001436973497,0.002469588435
0.001433719244,0.002512804298
0.001430822119,0.002483514736
0.001427862158,0.002413338001
0.001424709554,0.002381277117
0.001421454915,0.002385966157
0.001418058582,0.002400205687
0.001414598015,0.002379848127
0.00141122301,0.002320670872
0.001407907665,0.002184803288
0.001404615118,0.00202940946
0.001401330313,0.001968663165
0.001397940528,0.002026701234
0.001394640635,0.002146315351
0.001391308386,0.00223755792
0.001388121122,0.002295990524
0.001385027492,0.002332188538
0.001381928625,0.002299477975
0.001378821409,0.002175115181
0.001375548305,0.002055475293
0.001372164103,0.002017647874
0.001368768125,0.002084368812
0.001365386591,0.002161265749
0.001362041558,0.00222193987
0.001358847743,0.002234318407
0.001355659675,0.002360234911
0.001352587676,0.002740970678
0.001349453991,0.00263153183
0.001346275795,0.002781671503
0.001342920278,0.002775036813
0.001339835548,0.003649749271
0.001336627853,0.004332002351
0.001333482787,0.00435893151
0.00133037993,0.004105965709
0.00132731464,0.004474481634
0.001324277067,0.005880264142
0.001321299706,0.006918144245
0.001318354675,0.006720231251
0.001315550435,0.005977761973
0.00131282004,0.003594067645
0.001310194298,0.002017092965
0.001307650469,0.001930116477
0.001305171381,0.001934735293
0.001302682751,0.001943480735
0.001300179985,0.001982991199
0.001297799166,0.002009073419
0.001295405763,0.001921990499
0.001292909588,0.001781658935
0.00129036018,0.001683935841
0.001287584764,0.001681635413
0.001284636342,0.001758969879
0.001281373962,0.001800693133
0.00127802118,0.001781516474
0.0012747293,0.001822281421
0.001271571474,0.001897277801
0.001268571914,0.001933658769
0.001265700116,0.001950899643
0.001262917386,0.001956125801
0.001260190453,0.001934112075
0.001257543163,0.001935406156
0.001255006365,0.002352397138
0.001252486329,0.00390555381
0.001249947838,0.005371825072
0.001247312003,0.00609001996
0.001244464512,0.005621356887
0.001241550019,0.004888003946
0.001238550339,0.003863736913
0.001235603747,0.003220507834
0.001232697152,0.002680021527
0.001229924924,0.002785052438
0.001227115819,0.002821586346
0.001224319587,0.002001826518
0.001221442325,0.001808451103
0.001184594923,0.001774362547
0.001215846871,0.001699122304
0.00121325427,0.001650443496
0.001210783914,0.001661665735
0.001208472791,0.001735010964
0.001206194483,0.001827717518
0.001203982791,0.001892478677
0.00120183911,0.00191045179
0.001199750001,0.001903231641
0.001197717226,0.001892323183
0.001195722333,0.001854515746
0.001193719299,0.001797628593
0.001190807112,0.002233855155
0.00118941489,0.003133506808
0.001187081524,0.003202136229
0.001184556055,0.002844806419
0.001181859894,0.001891626269
0.001179104779,0.001790788846
0.001176283508,0.001739022318
0.001173467526,0.001660248102
0.001170748446,0.001567981507
0.001168085875,0.001531405863
0.001165623762,0.001584868529
0.001163340824,0.001687648073
0.001161190972,0.001806079965
0.001159195675,0.001894329603
0.001157331581,0.001936229691
0.001155543585,0.002260943538
0.001153776948,0.002610014932
0.001151979724,0.003006781632
0.001149934251,0.003674066775
0.001148020524,0.004377472395
0.001145844665,0.004927558228
0.001143583631,0.005453580536
0.001141172437,0.005934566479
0.001138701564,0.005729022317
0.00113615511,0.005277863324
0.001133677315,0.004197981185
0.001131207018,0.002322818975
0.001128788238,0.001714537716
0.001126564165,0.001705351473
0.001124394146,0.001726958408
0.001122377811,0.001776109978
0.001120459087,0.001804806868
0.001118680412,0.001828418751
0.001117013637,0.001824634959
0.001115435984,0.001789142164
0.001113981971,0.001747230965
0.001112545731,0.001704829871
0.001111031796,0.0016984311
0.001109419325,0.001720629662
0.001107694099,0.001710071052
0.001105818067,0.001656242279
0.001103794236,0.001563299806
0.001101671861,0.001436239356
0.001099493291,0.001362157752
0.00109729989,0.001348534113
0.001094665122,0.001353742137
0.00109277611,0.001403020053
0.001090403672,0.001478739734
0.001087966419,0.001529177903
0.001085485116,0.00155544077
0.001083029542,0.001569087046
0.001080666703,0.001603415027
0.001078326574,0.001928080797
0.001075998535,0.0024190039
0.001073672951,0.003046477658
0.001071385988,0.003986562669
0.001069096106,0.004859219821
0.00106683765,0.005743088517
0.001064784652,0.006764210058
0.001062692023,0.007980144858
0.001060619725,0.008711776186
0.00105853435,0.008043959656
0.001056432931,0.006334978177
0.00105419906,0.004225831483
0.001052090807,0.002495781034
0.001049736068,0.001556394192
0.001047443499,0.001366429537
0.001045053123,0.001489557896
0.001042603303,0.00172104959
0.001040280806,0.001886473925
0.001037854147,0.002053954462
0.001035430284,0.002068172688
0.00103291909,0.00172405649
0.001030580074,0.001625661898
0.001028188746,0.001500109952
0.001025926673,0.001403576923
0.001023737743,0.001351056683
0.001021716406,0.001306334799
0.001019779488,0.001283773772
0.001017868002,0.001279241975
0.001015987127,0.001302931646
0.001014111956,0.001373704903
0.001012253791,0.001450967253
0.001010365873,0.001480973568
0.001008373066,0.001492176671
0.00100633768,0.001499044487
0.001004187633,0.001504299405
0.001002008744,0.001495023578
0.0009998165069,0.001480736591
0.0009976509171,0.001484879257
0.000995518184,0.001519908428
0.0009933796491,0.001557219032
0.0009912507598,0.001544116818
0.0009890625692,0.001492686955
0.0009868654729,0.001445643985
0.0009846259956,0.001408538096
0.0009823765757,0.001375463105
0.6413537888,0.02597279463
0.1425116378,0.02362943455
0.05119411044,0.02047055433
0.0126788432,0.01942732118
0.02091440943,0.01729482084
0.004871216143,0.01592477289
0.009131531659,0.01611911357
0.03767175976,0.01642584441
0.02176137092,0.01407233042
0.007049203693,0.01286356633
0.006539809161,0.0129978365
0.009475124056,0.01293074234
0.005674128505,0.01332137443
0.005355443022,0.01207064453
0.004969596869,0.01194921279
0.004615414772,0.01241339796
0.004351479341,0.01189583739
0.004100386066,0.01094487396
0.003518439674,0.03055952968
0.003621308272,0.03580834966
0.003444844616,0.01863066112
0.003253604086,0.009664829386
0.003039551657,0.01016162087
0.00279551418,0.02686751055
0.002558381502,0.03766817934
0.002350751979,0.01944234494
0.00222508818,0.01042418002
0.002085282207,0.01001728747
0.002030696755,0.01022374719
0.001996911014,0.01004560171
0.001970444365,0.01030231813
0.001999597788,0.009820006663
0.002016336006,0.008984449801
0.002041023688,0.008859357727
0.002053250828,0.009216997358
0.002053024121,0.008595545122
0.00207419878,0.008043392256
0.002078398694,0.008338917849
0.00207641299,0.01132783943
0.002036856112,0.01147230884
0.002031545771,0.008540866454
0.002028613377,0.008436227555
0.002021079542,0.008444338576
0.002021997054,0.008555910527
0.002377754265,0.008153077759
0.002047161345,0.01288365055
0.002078551428,0.01307136556
0.002086802452,0.00857110971
0.002089312464,0.007502480854
0.002097376571,0.006991290183
0.002087340569,0.006392632359
0.001740720629,0.01504087262
0.002029028864,0.01792243228
0.001951364253,0.02001791702
0.001986993471,0.02424592932
0.001941096617,0.01820051295
0.001526643334,0.01294332806
0.001843125111,0.0209850127
0.001806089237,0.02073492574
0.001697218917,0.0159290614
0.001719058562,0.01445276345
0.001433601334,0.01941181708
0.001635321188,0.02548546035
0.003971490072,0.03053084064
0.001529381078,0.02357401908
0.001478926902,0.00711537596
0.00145053855,0.005985029705
0.0008606920761,0.006003403593
0.001378423914,0.006016882864
0.001330737871,0.005925125302
0.001280142965,0.005946821163
0.001276767196,0.006183559924
0.001245493598,0.005799468408
0.00121199475,0.005981891595
0.001167932363,0.00620278556
0.001169366175,0.009704213255
0.001153659304,0.01597648892
0.001136248527,0.01875502581
0.0009221204299,0.02052385895
0.001112369864,0.02802858505
0.001111594844,0.02770953746
0.0009925656451,0.02585997686
0.001137508546,0.01904427999
0.00108881954,0.006656031967
0.00107524383,0.005624734265
0.001064704893,0.005465576608
0.001242251111,0.005037001736
0.001043162298,0.004946024822
0.001023981265,0.005143222761
0.000995402149,0.005130848574
0.0009930870212,0.004725002399
0.000972419177,0.004352938859
0.0006936377289,0.004499027499
0.0008554111345,0.004820048624
0.0009083967094,0.004996226601
0.000868900976,0.00485891105
0.0008605989195,0.005005811922
0.0007914354952,0.005400987024
0.0008296812275,0.005631318424
0.0008096358116,0.005778408823
0.0008093432693,0.005716025275
0.0008017545274,0.005473524122
0.0008081605119,0.007087003448
0.0008152459122,0.0113276541
0.0008252700789,0.01628119343
0.000796589149,0.01444102716
0.0008412565675,0.01244614621
0.0008586987667,0.01330692883
0.0008548953308,0.01971897992
0.0008085475931,0.02602574365
0.0008033987193,0.03179228495
0.0008544241403,0.02637418271
0.000627674936,0.01713398413
-0.00712337097,0.00910845309
0.0008299197511,0.00540958499
0.0008243895104,0.00537793653
0.0005960561204,0.005063363188
0.0008175124404,0.004858804967
0.0008128232687,0.00466066467
0.0008017894293,0.004446846345
0.000823953354,0.004349261175
0.0008285182845,0.004258025997
0.0008257000678,0.004255192131
0.0008330565593,0.004242292776
0.0008384157249,0.00404989786
0.0007078313932,0.004128962439
0.0008464386667,0.004802186615
0.0008497434438,0.004539051608
0.0008544019554,0.004700357039
0.00085527537,0.00680768534
0.0008564358323,0.009402393524
0.0008584892978,0.009522662815
0.0008586867515,0.00562118551
0.0008575365392,0.00416163469
0.0008496498672,0.003871417042
0.0008471778139,0.00413785798
0.0008443771017,0.004240974278
0.0008295667341,0.00581110304
0.0008276606642,0.01169894992
0.0008120369161,0.01596211411
0.0008094854872,0.0171916809
0.0007990973455,0.01390194112
0.0005735595894,0.0105816391
0.0007813984024,0.009141502317
0.000775703766,0.009324623162
0.0007471156383,0.01184279649
0.0007665932098,0.01236430706
0.0007498053942,0.008179083568
0.0007571832991,0.004065913567
0.0007540404806,0.00334859544
0.00074798438,0.003479490076
0.0007156852207,0.003669670511
0.0007376267124,0.003821850744
0.000731525173,0.003929393674
0.0007235601607,0.003854837091
0.0007270314344,0.003746976977
0.0007223286009,0.003669600753
0.0007184824109,0.003700203033
0.0007124973197,0.006128878383
0.0007079611237,0.009050833143
0.0007027411409,0.007493740171
0.0006917507522,0.004753393501
0.0006952462057,0.003532802383
0.0006889260814,0.00315108315
0.0005631666834,0.003032649994
0.000678201638,0.00317416872
0.0006739648483,0.003212413644
0.0006665827343,0.003028227358
0.0006559835022,0.002949810697
0.0006461307522,0.00312345017
0.0006411956577,0.00337863807
0.0006340985471,0.00364871001
0.0006286533421,0.003821528652
0.0006189896242,0.00389175709
0.0005997726982,0.003892728856
0.0006058001569,0.003694304332
0.0005994959565,0.003398367072
0.0005955831141,0.003175662911
0.000589822769,0.003215530686
0.0005837522714,0.003251211734
0.0005759223502,0.003139189599
0.0005724356523,0.003050862115
0.0005663798015,0.003206461793
0.0005598789658,0.003380998941
0.0005545544876,0.003401059447
0.0005479309913,0.003448161038
0.0005455318498,0.005289431687
0.0005425459652,0.008208648211
0.0005380053776,0.009733868952
0.0005290385107,0.007220875493
0.0005321171175,0.005091330928
0.0005270832457,0.003380359336
0.0005225247525,0.004118725387
0.0005198339262,0.006181570663
0.0005175412108,0.007533357816
0.0005125097817,0.007851759189
0.0005073691444,0.006592797355
0.0005005785782,0.005396902256
0.0005996010749,0.004552560162
0.0005003520993,0.005288627293
0.0002928278676,0.007226359971
0.0004933770155,0.008281547504
0.0004910259168,0.006815593869
0.0004532115795,0.003408328204
0.0004862866071,0.002443775053
0.0006751100008,0.002606038198
0.0004738350627,0.00282307803
0.0003563511032,0.002929687483
0.0004268040135,0.002866706629
0.0004586064974,0.002847183618
0.0004529503575,0.002976210566
0.0004428466697,0.003103235008
0.0004384907802,0.003193023206
0.0004390041992,0.003293458859
0.0004351936083,0.003329116242
0.000427721312,0.003283467202
0.0004284032401,0.003171815318
0.0003900256861,0.003014700377
0.0007799392466,0.002912328928
0.0004281248464,0.002879694055
0.0004273676222,0.002878283194
0.0004266321294,0.00441583227
0.0004246065622,0.007252574232
0.0004197387496,0.007589464027
0.0004266162782,0.006169395366
0.0004269133468,0.005164078313
0.0003764993609,0.004377427252
0.000423209117,0.005048887788
0.0004313365356,0.00693489214
0.0004227594287,0.009089797218
0.0004210994329,0.01056909517
0.0002844573558,0.01022827359
0.0004178979436,0.008522289283
0.000417271518,0.005092140517
0.0003895737526,0.003128410182
0.0004119981598,0.002893024501
0.0004144321056,0.002715400821
0.0004140180631,0.002579118069
0.0004126100263,0.002411930561
0.0004262439969,0.002219374643
0.0004102669212,0.002113485216
0.0004449437262,0.002310164314
0.000408058541,0.002704748984
0.0004041750976,0.003025709818
0.0004024125429,0.003093695956
0.0004041550478,0.002985893081
0.0003975984573,0.003924370679
0.0004035755153,0.007450129469
0.00040386991,0.01065521183
0.0004038990643,0.01175743941
0.000402879572,0.01047834771
0.0004012414727,0.00785581349
0.0003287472088,0.005800775963
0.0003960243097,0.00337602268
0.0002203932785,0.002331877702
0.0003877551508,0.002514450416
0.0003795574716,0.002761619736
0.0003773456869,0.002908535146
0.0003673737394,0.002945109305
0.0002751143412,0.002870606947
0.0003698890656,0.002718116637
0.0003640160788,0.002542962445
5.859420516e-05,0.002263434598
0.0003624987208,0.001950118687
0.0003603859545,0.001831020993
0.0003581086392,0.001953198766
0.0003550264198,0.002172985297
0.0003537304037,0.003683527815
0.0003492788028,0.0060699935
0.0003513164595,0.006651652637
0.0003507872094,0.006234115197
0.0003481634941,0.005920699105
0.0003472703579,0.005280950247
0.0003344586747,0.006039948595
0.000348155344,0.00695615252
0.0003482214828,0.007996099578
0.0003473388709,0.007423982309
0.0003704511434,0.006017348206
0.0003444670751,0.004405768561
0.0003441732182,0.00233113888
0.0003409413166,0.002162075517
0.0001426677816,0.00221367712
0.0003380950791,0.002221282403
0.0003293658957,0.002253412031
0.0003260079453,0.002270239118
0.0003309636602,0.002259727442
0.0001252304555,0.002241531331
0.0003276983565,0.002256695185
0.0003264033337,0.002365584486
0.0003258758911,0.002500739322
0.0003222409018,0.002596286472
0.0003215980977,0.002552612638
0.0003216046329,0.002439990098
0.0003205422347,0.00309458364
0.0003191278592,0.005393842135
0.0003193560219,0.007583282347
0.0003172345487,0.009303321068
0.0003144670271,0.009514133398
0.0003162468112,0.008595429387
0.0003204570919,0.007105109993
0.0003204936867,0.005291970242
0.0003218642271,0.004388843477
0.0003141627679,0.004879338378
0.000320928165,0.00601952112
0.0003195566002,0.007011255955
0.0003204603677,0.006608865545
0.0003174340595,0.00541457209
0.0003215817758,0.003664436263
0.0003572096007,0.002558819556
8.815263466e-05,0.002360775154
0.0003214821365,0.002344946633
0.0003200947768,0.002277868267
0.0003163350439,0.002243830373
0.0003210115954,0.002254663129
0.000312280905,0.002236411571
0.000322854659,0.00217254218
0.00032304458,0.002103074076
0.0003233026445,0.002063782733
0.000295366063,0.002063106358
0.0003223596579,0.002019946694
0.0003234891359,0.001980054999
0.0003215415558,0.001996800812
0.0003233593698,0.002043093883
0.0003230741727,0.002067911039
0.000323267748,0.002073151722
0.0003225817611,0.002099919047
0.0003193898525,0.002156860823
0.0003231841245,0.002255645356
0.0003232781987,0.00228975656
0.000323400405,0.002239541409
0.0003200892258,0.002154536279
0.0003226915813,0.003054311592
0.0002985928458,0.005295727765
0.0003233111435,0.007644136332
0.0003093605035,0.009015341599
0.0003181746603,0.009221609479
0.0003235417465,0.009396753965
0.0003108507282,0.00892075944
0.0003212641733,0.008702111016
0.0003210190941,0.008251405256
0.0003184422705,0.008344045421
0.0003182410351,0.008878805203
0.0003095053789,0.009277748077
0.0003141768517,0.008076246056
0.0003100699431,0.005922890764
0.000311945591,0.003857572971
0.0003099303918,0.002189146067
0.0003082185708,0.002000281428
0.0003066810155,0.001923906542
-0.0004559819775,0.001909386813
0.0002374762033,0.00196617436
0.0002977174138,0.002022370361
0.0002935142521,0.002018555204
0.000297756528,0.002023716868
0.0003465840006,0.002054773275
0.0002967739343,0.002081573651
0.000294515433,0.002056059455
0.0002510857326,0.001959077487
0.0002951768445,0.001862417914
0.0002938652873,0.001806014053
0.0002933367011,0.001732187048
0.0002920982618,0.001977015079
0.0002906651544,0.004189397233
0.0002879108268,0.006045794878
0.0002464834381,0.007645590716
0.0002849120007,0.008944475584
0.000278807816,0.009840058331
0.0002793030283,0.01021928725
0.0002714743257,0.01000859913
0.0002730055157,0.009695398213
0.000270572481,0.008380284837
0.0001963530132,0.007162338982
0.000263227661,0.00619159972
0.0002619892057,0.004401748021
0.0002061599215,0.001797888202
0.000255808059,0.00169976743
0.0001040312319,0.001589050699
0.0001851367603,0.001537216055
0.0002503156457,0.001595655375
0.0002489784643,0.001697809143
0.0001883415192,0.001787905991
0.0002456400288,0.001893067392
0.0002440252377,0.001989790774
0.0002368169123,0.002066455593
0.0002415540515,0.002081372143
0.00024085443,0.002034358289
0.0002391527112,0.00195444656
0.0002388959945,0.001866758388
0.0002377890815,0.00180408841
0.0002365248399,0.001781173712
0.0002341217695,0.001771190033
0.0002338745356,0.001889400531
0.0002306023829,0.002730798116
0.0002268686931,0.003059725232
0.0002285341694,0.003047175084
-8.048382023e-05,0.002971209937
0.0001996391657,0.003180516675
0.0002238454784,0.003667603301
0.0002224078334,0.003385681226
0.0002028145756,0.002354332407
0.0002189656841,0.001734573552
0.0002178005171,0.001839453226
0.0001322631252,0.00192540158
0.0002157440669,0.00195674825
0.0002151783819,0.001935818054
0.0002141721027,0.001894975964
0.0002132784767,0.00187980931
0.0002128525662,0.001854939868
0.0002101511699,0.0017924754
0.0001412841214,0.001696238663
0.000202922255,0.001607587212
0.0002121509866,0.001571126283
0.0002108373362,0.001589861029
0.0002103193311,0.001641607541
0.0002084600425,0.001706228828
0.0002071188271,0.001755385489
0.0002079019772,0.002325237244
0.0002029150195,0.004103321509
0.0001426714087,0.005668982921
0.0002076600488,0.006809543347
0.0002081536381,0.007513058469
0.0002069617411,0.007191901612
0.0002073239469,0.006797031453
0.0002090006797,0.006532262355
0.0002077357066,0.006211305973
0.000209082046,0.005491651999
0.0002096880451,0.004587027376
0.0002099164284,0.004337177136
0.0002098948586,0.003883830813
0.0002080458821,0.002544233886
0.0002099004821,0.001849883385
0.0002093293496,0.001795240846
0.0002091177184,0.001690066006
0.0002034183138,0.001571346327
0.0002057831693,0.001476496803
0.000207080637,0.001460120962
0.0002062221825,0.00149625732
0.0002071802118,0.001532131701
0.0002059747219,0.001552437588
0.00020571151,0.001569720744
0.0001658670384,0.001598426936
0.0001901462336,0.001653817457
0.0002020886907,0.001725656604
0.000201488887,0.001779120356
0.0001164627628,0.001951222511
0.0001994170872,0.002844506508
0.0001378020629,0.004212999861
0.0001995136598,0.005528372262
0.0001986138616,0.006712909141
0.0001985424223,0.007220128283
0.0001979485307,0.007204940758
0.0001969018409,0.007503581612
0.0001973502952,0.008082489872
0.0001968629928,0.008649469134
0.0001960658074,0.00883428479
0.0001950816694,0.008019323666
0.0001941011164,0.006967494613
0.0001932369572,0.006061510632
0.0001893518711,0.005253452218
0.0001892578166,0.004056870037
0.0001861614415,0.002729181429
0.0001887130838,0.001736189802
0.0001892018952,0.001769508611
0.0001817961474,0.001788064882
0.0001876661844,0.001801010719
0.0001013631341,0.001817158273
0.0001867500673,0.001814419555
0.0001865065085,0.001756196598
0.0001848888543,0.001628154227
0.0001857941653,0.001448343562
0.000184413121,0.001261358066
0.0001857731076,0.001128251476
0.0001862137442,0.001144517269
0.0001110887949,0.001280666451
0.0001833484046,0.001469042294
0.0001706452769,0.001648694815
0.0001850310848,0.00176182286
0.0001849431118,0.001803412751
0.0001847396832,0.00271677659
0.0001845344056,0.00445907803
0.000184098724,0.005832750641
0.0001858902791,0.006044521112
0.000186213965,0.005370845733
0.0001853709665,0.004593621642
0.0001864060654,0.003999307776
0.0001865905463,0.003796048456
0.0001844604629,0.003932394231
0.0001814681364,0.003659872214
0.0001857516859,0.002681383252
0.0001845295447,0.00197745964
0.0001846870134,0.001811639489
0.0001833954296,0.001902717195
0.0001833267312,0.001991477304
0.0001665399419,0.001772995016
0.0001006714025,0.00172345765
0.0001816672762,0.001706166516
0.0001831956211,0.001663058364
0.0001838103665,0.001634899767
0.0001842515526,0.001912539452
0.0001844641754,0.00231781324
0.0001852817746,0.002501716091
0.0001864961227,0.002161810873
0.0001870374615,0.001552285673
0.000187834863,0.001470427927
0.0001886974632,0.001571995232
0.0001694520162,0.001639352053
0.0001900847737,0.001655598913
0.0001880429729,0.001618843884
0.0001905750367,0.001550070573
0.0001909671256,0.00147314581
0.000192625409,0.001409432149
0.0001920236199,0.001372736285
0.0001933848174,0.001360297606
0.0001195949669,0.001361286199
0.0001932095473,0.001538411536
0.0001926296047,0.003079847099
0.0001761291386,0.004683466496
0.0001922738988,0.006018741077
0.0001933602508,0.007046704896
0.0001944079439,0.007854291081
0.0001949029575,0.008255045969
0.0001952180179,0.008327839967
0.0001943437758,0.008250313976
0.0001955004603,0.007933468253
0.0001944479829,0.00724696066
0.0001964592157,0.006407241814
0.0001968953184,0.005578034165
0.0001953769618,0.004731398608
0.0001940734467,0.003510578087
0.0001977596912,0.00233038048
0.000181883291,0.00155688262
0.0001956195872,0.001146912523
0.0001395374441,0.001196345653
0.0001949447596,0.001288796223
0.0001956837057,0.001406270231
0.0001822725566,0.001498922805
0.0001891501739,0.001558854993
0.0001931709606,0.001592288092
0.0001961874345,0.001612444636
0.000194862549,0.002244149776
0.0001950498363,0.003193313337
0.0001912272447,0.004416362878
0.0001949118822,0.004978617682
0.0001935381389,0.00490489532
0.0001938421212,0.004783489941
0.0001791339357,0.004226824533
0.8165930421,0.00569205083
0.008809976543,0.001649425203
0.08531663208,0.001290034201
0.1367760695,0.001186728572
0.0006170503486,0.001246179651
0.134233217,0.0010679323
0.0006256745714,0.001022528063
0.01849828861,0.001033678561
0.1024166626,0.00105838606
0.05383713725,0.0009634332425
0.0005093827543,0.0009810996599
0.02227239181,0.0009547246213
0.0001044193283,0.002058994454
0.01933239194,0.003564937042
7.883457405e-05,0.0022437149
0.0316762556,0.0009294423793
0.01706897785,0.0008573769066
0.004660104115,0.0008940497198
0.001138015966,0.001415511664
0.0002838329315,0.003198263182
0.06070073988,0.004447792417
0.0003829792389,0.004483586589
0.0004644685059,0.003785506184
0.02104109839,0.001697229497
0.0005640772334,0.0007766358107
0.01181640282,0.0008051702193
0.02539565274,0.002057198591
0.000407391066,0.001880740633
