5.764129702,8.141880286
3.880839234,11.3834888
3.214869845,8.265966632
2.697732578,8.922720908
2.411079499,7.121595531
2.162244238,5.359369238
1.943142531,3.996908797
1.761848623,3.014454711
1.608815519,2.615048506
1.48285512,2.253950839
1.374792586,1.826038232
1.274126625,1.719519264
1.189734894,1.590267487
1.115868859,1.341032457
1.049874385,1.230539241
0.9910117376,0.983879226
0.9400510329,1.002100567
0.8942691923,0.9073900136
0.8531665399,0.8273753477
0.8165539465,0.782178718
0.7824504614,0.7436905304
0.7515075051,0.8233273398
0.7231219926,0.7236747529
0.6969625576,0.6924381017
0.6729520778,0.7116838714
0.6504720048,0.7051121282
0.6298930113,0.5878367909
0.6101317119,0.5441715792
0.591623926,0.5331916448
0.5741235628,0.5447342297
0.5574251178,0.5402868354
0.5416553597,0.492842963
0.526797232,0.4501695297
0.5128293813,0.422727942
0.4997298754,0.4054247932
0.4871086846,0.3798243869
0.4750355403,0.3418386983
0.4634068269,0.3054965795
0.4523605565,0.3014660371
0.4417878318,0.3150644762
0.4317887925,0.3403032792
0.4223180057,0.3429610753
0.4133327375,0.3238181766
0.4049497173,0.3087158495
0.3968952691,0.3145212914
0.3889217226,0.2933312321
0.3812134179,0.2671089768
0.3737698747,0.2393428179
0.3666063197,0.2320363423
0.3597767823,0.2280286093
0.3532173135,0.2268616977
0.3469156639,0.2141971301
0.3408824493,0.2002883667
0.3349603164,0.1878930066
0.3292444445,0.1898346972
0.323692636,0.1917202374
0.3183041051,0.1804172706
0.3131933238,0.1707835489
0.308285516,0.1652055679
0.303551693,0.1710878571
0.2990218796,0.1718263671
0.2945439042,0.1582392318
0.2902427344,0.1734699164
0.2860601948,0.166665578
0.2819460296,0.159862933
0.2778419485,0.1646828041
0.2738435495,0.1696054979
0.2700039191,0.1639770487
0.2663038095,0.1470724278
0.2626708879,0.1430940522
0.2591230157,0.1465616524
0.2557342869,0.1399994421
0.2524492801,0.1341319396
0.2492142836,0.1314504732
0.2460588797,0.125912648
0.2429434793,0.124049292
0.2399122321,0.1257732989
0.2369665323,0.1097737791
0.2341356389,0.1067514311
0.2313910793,0.1037423899
0.2286934025,0.1087931681
0.226051714,0.1004677605
0.2234541754,0.09705494327
0.2209100371,0.09750045315
0.2184301579,0.0986452168
0.2159869297,0.1038315995
0.2135833501,0.09450880692
0.2112348399,0.08657086263
0.2089404224,0.08419176156
0.2067023732,0.08602478562
0.2045277478,0.0909982682
0.2023834231,0.08462742867
0.2002814998,0.08201419042
0.1982388092,0.08421578448
0.1962594702,0.08228047948
0.1943064868,0.08043627772
0.1923868042,0.07645147046
0.190508341,0.07623371092
0.1886857778,0.07407552025
0.1868885058,0.07286257339
0.1851126783,0.07711931333
0.1833744614,0.06912022869
0.1816719884,0.06288795361
0.1799920559,0.06392592564
0.1783489734,0.06447379743
0.1767367723,0.06655011795
0.1751488769,0.06260920647
0.1735824279,0.06280025137
0.1720511726,0.0634064284
0.1705672473,0.06105670984
0.1691114258,0.06244151292
0.1676816831,0.06064925157
0.1662777106,0.05787240093
0.1648857228,0.05644180322
0.1634968674,0.05281977373
0.1621307268,0.05069357522
0.1607896699,0.04737432384
0.1594728851,0.04779680689
0.1581729932,0.04582832653
0.1568895367,0.04608767266
0.1556254103,0.04804733722
0.1543840167,0.04585375213
0.153162029,0.04391988316
0.1519593082,0.04195930043
0.1507738992,0.04234908539
0.1496048398,0.04186351344
0.1484563662,0.04033076303
0.1473319393,0.03696119486
0.1462267383,0.03541650538
0.1451361936,0.03762153016
0.144064344,0.03586637429
0.1430043912,0.03444398734
0.1419581539,0.036630342
0.1409275894,0.03869115377
0.1399121761,0.03685923195
0.1389100399,0.03419794751
0.1379242051,0.03404716735
0.1369576188,0.03157951403
0.1360109175,0.03372009655
0.1350829446,0.03526038566
0.1341637502,0.03423702224
0.1332501356,0.03093622272
0.1323457695,0.03012627456
0.1314483814,0.03079230146
0.1305610761,0.029161254
0.1296881041,0.03005735893
0.1288290427,0.03026557673
0.1279805674,0.02919704274
0.1271413701,0.02714278493
0.1263098778,0.02646798782
0.1254892473,0.02636407718
0.1246813076,0.02647707443
0.1238828941,0.02412091672
0.1230917319,0.02538608255
0.1223131766,0.02740117888
0.121547162,0.02700462449
0.1207942312,0.02790327621
0.1200532196,0.02689236142
0.1193194043,0.0252700952
0.1185927094,0.02465794586
0.1178732667,0.02451201163
0.1171634877,0.02390027035
0.1164626425,0.02223841551
0.1157698738,0.02086098257
0.11508424,0.02058781628
0.1144070354,0.01896458995
0.1137378391,0.01993841015
0.1130757258,0.02063149549
0.1124201228,0.02147511631
0.1117691267,0.02300728296
0.1111246024,0.0236326288
0.1104873096,0.02251023776
0.1098593464,0.02183990731
0.1092411575,0.02214589628
0.1086315319,0.02243284785
0.1080285587,0.02236624988
0.1074319723,0.02147457576
0.106842388,0.01993443301
0.1062600983,0.01930318588
0.105684648,0.02012832487
0.1051141814,0.02096450093
0.1045489444,0.02060405536
0.1039890392,0.02060144357
0.1034357677,0.01992793188
0.1028892198,0.018524006
0.1023484521,0.01881654128
0.1018142625,0.01913332533
0.1012858506,0.01734262503
0.100762519,0.02128211647
0.1002439376,0.03759925271
0.09973010014,0.06082510693
0.0992201948,0.05600125991
0.09871589705,0.02543182644
0.0982157624,0.01809353884
0.09772095552,0.01807874363
0.09723254616,0.01812483002
0.09675040895,0.0178819473
0.09627345266,0.01786754561
0.09580148965,0.01698030502
0.09533450855,0.01688657796
0.0948707958,0.01632140189
0.0944092329,0.01614285403
0.09395109082,0.01517843261
0.09349739158,0.01526136577
0.09304783245,0.01475644993
0.09260246453,0.01411072252
0.09216195436,0.01399396083
0.09172621313,0.0195552629
0.09129520401,0.03670219446
0.09086907675,0.02876216135
0.09044818189,0.03883099692
0.0900319456,0.03301386754
0.08961876293,0.01763666131
0.08920788078,0.01679202284
0.08879903955,0.02676357057
0.08839363341,0.04017939348
0.08799259839,0.06006824295
0.08759701377,0.03994385546
0.08720618171,0.02391914026
0.08681808777,0.01392358985
0.08643306606,0.01257302783
0.08605175388,0.01752904944
0.08567413354,0.03085170194
0.08530012864,0.01906079817
0.08493003422,0.01031410191
0.0845627541,0.0111035016
0.08419811978,0.01257960212
0.08383588782,0.02441970188
0.08347709761,0.02901051083
0.0831212518,0.02739965838
0.08276780472,0.02124232406
0.08241737525,0.01216875994
0.0820700866,0.01156068203
0.08172573317,0.01158315634
0.08138509967,0.01204387192
0.08104744144,0.01250431618
0.08071265551,0.01202503784
0.0803809376,0.01169064219
0.08005199181,0.01107503372
0.07972583081,0.01073891106
0.07940252208,0.01024093842
0.07908189763,0.00940613773
0.07876323767,0.009108288837
0.0784467168,0.009659867427
0.07813293608,0.009913561836
0.07782183472,0.009826505415
0.0775127012,0.009560351185
0.07720578551,0.008951542173
0.07690102073,0.008808077944
0.07659870743,0.009415272756
0.07629869297,0.009736497235
0.0760007709,0.009405901008
0.07570521111,0.009830831395
0.07541184157,0.01045372328
0.0751203279,0.01032801466
0.07483028277,0.009490513898
0.07454171304,0.01651245337
0.07425497931,0.008612286601
0.07397043912,0.008563342521
0.07368842293,0.0135689561
0.07340923258,0.009050405943
0.07313286181,0.008477624923
0.07285882838,0.008860030449
0.07258711802,0.00890121421
0.07231704896,0.008973161082
0.07204859507,0.009148991341
0.07178188409,0.00911363127
0.07151670647,0.008748693859
0.07125362647,0.01015631456
0.07099334902,0.009579307454
0.07073544952,0.008251796952
0.07047923896,0.008666868215
0.07022468659,0.008489788292
0.06997190918,0.00832027184
0.0697210456,0.007977735556
0.06947216319,0.007772066735
0.0692251297,0.00753115237
0.06897975874,0.007531492538
0.06873556396,0.00793080836
0.06849327211,0.008153865911
0.06825351569,0.008753786435
0.06801607612,0.009268673241
0.0677803802,0.009324090576
0.06754594158,0.008987452776
0.06731277325,0.008697287599
0.06708096846,0.008385913517
0.06685035437,0.008018427656
0.06662106472,0.007369926719
0.06639312439,0.007211848642
0.06616681279,0.007538370687
0.06594213053,0.0076122222
0.06571875597,0.007783165933
0.0654964349,0.007922375965
0.06527566099,0.008077856207
0.0650564125,0.008105156186
0.0648385395,0.008213558529
0.06462191395,0.008283916806
0.06440666953,0.007968757232
0.06419270309,0.007636773625
0.06398017935,0.0149263835
0.06376897902,0.01567497656
0.06355933263,0.02028672402
0.06335101792,0.02089263246
0.06314415172,0.02184159864
0.06293905239,0.01396560988
0.0627354829,0.007914405085
0.06253335416,0.007463816479
0.06233270414,0.009516067626
0.06213356817,0.01898124894
0.06193562911,0.03256053824
0.06173863325,0.04164104488
0.0615427744,0.03284406898
0.061348215,0.02220432884
0.06115496053,0.01313291582
0.06096311393,0.01074608466
0.06077278139,0.01588903729
0.06058386302,0.01793549163
0.06039624591,0.017209826
0.06020996428,0.01712252099
0.06002490883,0.02851076637
0.05984111556,0.03269057591
0.05965862192,0.03319054897
0.05947733159,0.02685436482
0.05929707852,0.01936287539
0.05911774048,0.01548709928
0.05893933093,0.01252356978
0.058761582,0.01254116505
0.05858454099,0.01368811012
0.05840874052,0.01127756667
0.05823424132,0.005972498652
0.05806084358,0.005965649525
0.05788834811,0.005873045072
0.05771657983,0.005883420968
0.05754557778,0.005917526906
0.0573753712,0.006056251299
0.05720612809,0.00611381851
0.05703825515,0.00604888834
0.05687169125,0.006120805386
0.05670624187,0.007628183101
0.05654177658,0.01540863479
0.0563782125,0.02258620885
0.05621535422,0.02219383763
0.0560533234,0.02091499275
0.05589222221,0.01435020713
0.05573209492,0.01256433835
0.05557309963,0.008843908307
0.05541519888,0.006695241957
0.055258101,0.005820222846
0.05510170081,0.005643997741
0.05494619571,0.005592804794
0.05479164648,0.005532577397
0.05463799473,0.005385744789
0.05448514379,0.005189825681
0.05433303377,0.005139995235
0.05418179274,0.005384427806
0.05403133157,0.005650024793
0.05388158382,0.006032195018
0.05373245644,0.01167059023
0.05358410793,0.01578016925
0.05343671054,0.02091367291
0.05329025856,0.02351554357
0.05314463765,0.02767943165
0.05299974027,0.02328912066
0.05285566158,0.01601491613
0.0527125069,0.007881736926
0.05257017931,0.006005909665
0.05242865579,0.006000483156
0.05228795868,0.007273210618
0.05214813329,0.006867369951
0.05200915928,0.004804752755
0.05187094571,0.00458791318
0.05173325054,0.004652939469
0.0515960836,0.004658934985
0.05145946456,0.004780765107
0.05132351821,0.004940652804
0.0511882568,0.005135234524
0.05105371503,0.005336853317
0.0509199491,0.005545841249
0.05078684998,0.005627300352
0.05065444989,0.005521074633
0.05052263888,0.00645478553
0.05039146129,0.01009054833
0.05026093673,0.01027486311
0.05013107931,0.009158755153
0.05000168615,0.006764353301
0.04987353224,0.005353956795
0.04974561255,0.004489875604
0.0496184132,0.004511425793
0.04949221242,0.004418783126
0.04936689928,0.00451655476
0.04924230382,0.004594091943
0.04911829549,0.00453796221
0.04899474008,0.004633995531
0.04887157039,0.004930504702
0.04874885489,0.00522526185
0.04862679658,0.005514574396
0.04850550824,0.005155584712
0.04838484227,0.00482016531
0.04826491439,0.006203735344
0.04814557628,0.01349731577
0.04802689216,0.01739849674
0.04790865751,0.01973460474
0.04779085887,0.01881658915
0.04767354604,0.02119967692
0.0475567149,0.01765016702
0.04744041196,0.01390611741
0.04732474823,0.009225125394
0.04720984269,0.005043036031
0.04709557348,0.003904075413
0.04698194626,0.00392556507
0.04686893157,0.004065635909
0.04675647143,0.004080643848
0.0466444509,0.004148629696
0.04653293381,0.004194681667
0.04642186742,0.00543615419
0.0463112257,0.006219759908
0.04620113798,0.004121322497
0.04609163111,0.004101816461
0.04598259413,0.004135550515
0.04587403183,0.004108039729
0.04576595822,0.004052286199
0.04565836161,0.004063653799
0.04555125893,0.003913812217
0.04544472474,0.003487264112
0.04533867883,0.00440777691
0.04523313877,0.008242978325
0.04512809048,0.009974847016
0.04502359721,0.01055731867
0.0449196469,0.00938838381
0.04481611364,0.009823608346
0.04471298769,0.01024771388
0.04461038739,0.009660048232
0.04450823782,0.009698848811
0.04440659111,0.01051365721
0.04430549246,0.008538418242
0.04420484157,0.007551809499
0.04410461172,0.004138134159
0.04400482139,0.003676402474
0.0439055501,0.003747667273
0.0438066879,0.003802657154
0.04370826955,0.003706307472
0.04361023398,0.003564356337
0.04351256307,0.003377730073
0.04341524326,0.003111705531
0.04331829716,0.003022550639
0.04322183235,0.003086303944
0.04312583195,0.003333207713
0.04303031044,0.003908707096
0.04293525245,0.003589652622
0.04284062775,0.003319966036
0.04274635531,0.003270335788
0.04265239841,0.003065884897
0.04255883427,0.003218846822
0.04246574326,0.004660094634
0.04237309238,0.003514734023
0.04228093122,0.002843280351
0.04218912947,0.002938734738
0.04209763807,0.003007101286
0.04200644356,0.002987973287
0.04191556762,0.003032545754
0.04182491168,0.003443805797
0.04173490978,0.00559115251
0.04164524714,0.006290049571
0.04155610322,0.006404696594
0.04146748087,0.006788439235
0.04137934079,0.007920334752
0.04129168369,0.008446204339
0.04120445565,0.006236893395
0.04111759488,0.004689686768
0.04103101417,0.003627873752
0.04094472955,0.003440325569
0.04085875484,0.00295412717
0.04077311584,0.003037597891
0.04068781048,0.002977875535
0.0406028685,0.002785513036
0.04051827564,0.002673618123
0.04043409541,0.002781623913
0.04035027311,0.002920324961
0.04026679334,0.003596909492
0.04018354032,0.00490506797
0.04010053066,0.005317765881
0.04001793493,0.007208421224
0.03993573978,0.007632465132
0.03985392473,0.006591821767
0.03977250949,0.005939779624
0.03969146482,0.004583430049
0.03961076679,0.003215918886
0.03953040066,0.002390538398
0.03945032316,0.002474771104
0.039370545,0.002681308022
0.03929106981,0.002702808855
0.03921191835,0.002572406329
0.0391331054,0.002472122831
0.03905461528,0.002458234799
0.03897641121,0.002590722721
0.03889851856,0.007089004773
0.03882092812,0.008173557908
0.03874361524,0.008343522008
0.0386665659,0.009685957441
0.03858974912,0.01049272829
0.03851322278,0.0106989705
0.03843698666,0.009665891802
0.03836109507,0.007855535786
0.03828553377,0.005039789947
0.03821035487,0.002745622584
0.038135481,0.002508453027
0.03806092842,0.002494359266
0.03798663919,0.002427541211
0.03791261942,0.002378281893
0.03783890385,0.002371435318
0.03776550077,0.002412994274
0.03769237598,0.002452413678
0.03761956082,0.002437221709
0.03754695613,0.002381697061
0.03747461598,0.00284649325
0.0374025539,0.0030712874
0.03733086009,0.002611911824
0.03725944351,0.002592613757
0.03718830077,0.002420005669
0.03711742257,0.002369862283
0.03704679727,0.002325299758
0.0369763966,0.002260008763
0.03690628836,0.002245327841
0.03683643171,0.002317802505
0.03676684846,0.002322223037
0.03669757058,0.002337028947
0.03662851617,0.002329626752
0.03655969238,0.002289781765
0.03649108828,0.00224841777
0.03642278382,0.002213587507
0.03635472258,0.002231031407
0.03628689188,0.002233040334
0.03621933832,0.002256437264
0.03615207641,0.002325210567
0.03608509776,0.002406987905
0.03601839011,0.003081072966
0.03595193084,0.004928425637
0.03588573948,0.005748072388
0.0358197786,0.004972607674
0.03575405797,0.004243855446
0.03568857191,0.003402175092
0.03562329377,0.003215701674
0.0355582598,0.003302711248
0.03549344478,0.002650695768
0.03542886474,0.002289266751
0.03536453423,0.002415374774
0.03530044418,0.002458500674
0.03523657911,0.002419819977
0.035172914,0.002331333077
0.03510944889,0.002231691546
0.03504620872,0.00212240274
0.03498320102,0.00208170825
0.03492045298,0.002112758953
0.03485793183,0.002174389175
0.0347956504,0.002228433278
0.03473360087,0.002256623953
0.03467177188,0.002251289008
0.03461012786,0.00217815447
0.03454869918,0.002067775416
0.03448747495,0.001922103873
0.03442657035,0.001809117204
0.0343658043,0.001792551757
0.03430520698,0.001833784534
0.03424477024,0.001824271203
0.03418449376,0.001880457912
0.03412445513,0.002011174712
0.0340646318,0.002165276753
0.03400505737,0.002292075626
0.03394568501,0.002396978428
0.03388656732,0.002567517014
0.0338276666,0.002615398886
0.03376897974,0.003207538883
0.03371048879,0.004263896856
0.03365221042,0.005261780927
0.03359417194,0.005092615109
0.03353634417,0.004473062172
0.03347871353,0.004164791783
0.03342124706,0.003067322921
0.03336398841,0.002101020304
0.03330691213,0.002106152503
0.03325006841,0.002108545381
0.03319342266,0.002076713353
0.03313702437,0.002020911472
0.03308084549,0.00190387063
0.03302482015,0.001808327141
0.03296894278,0.001798092811
0.03291324168,0.001870835821
0.03285769479,0.001953242598
0.03280230622,0.001989042666
0.0327470948,0.00196256167
0.03269208582,0.001850992341
0.03263726529,0.001714848167
0.0325826318,0.001611372276
0.03252817478,0.001598948986
0.03247391179,0.001668129992
0.03241982629,0.00175854203
0.0323658969,0.001784254872
0.03231212135,0.001737375132
0.0322585094,0.001688207817
0.03220506998,0.001719411344
0.03215180773,0.00183332057
0.03209872654,0.001986750587
0.03204586839,0.002146082062
0.03199317148,0.002577659992
0.03194063577,0.002959732195
0.03188826121,0.003660128258
0.03183604513,0.00397629778
0.03178396759,0.004263458665
0.03173207926,0.004424734251
0.03168038457,0.003975180323
0.03162888942,0.00314871755
0.03157757191,0.002155415929
0.03152641029,0.001785034529
0.03147543695,0.001825755544
0.03142455642,0.001830212403
0.03137383301,0.001792973838
0.03132332444,0.001766425464
0.03127296123,0.001753648442
0.03122278666,0.001760919624
0.03117276973,0.001779618713
0.03112289133,0.00178811507
0.0310731884,0.001775429163
0.03102363059,0.001737428269
0.03097425645,0.001702758739
0.03092503145,0.001712060091
0.03087598682,0.001728349133
0.03082708915,0.00172235429
0.03077831145,0.00171937924
0.03072970879,0.001719310618
0.03068125492,0.001725318438
0.0306330066,0.00175739283
0.03058490345,0.001789969063
0.0305369369,0.001801460503
0.03048908655,0.001796429156
0.0304413768,0.001771834642
0.03039381478,0.001715486274
0.03034639731,0.001650922715
0.03029913126,0.001549666237
0.03025198278,0.001462332481
0.03020498732,0.001417432081
0.03015809892,0.001421528031
0.03011128961,0.001488274291
0.03006464803,0.001599442111
0.03001812101,0.001689952436
0.02997180534,0.001724867762
0.02992565765,0.002228376969
0.02987967779,0.00387476585
0.02983383972,0.005805761497
0.0297881129,0.00697790829
0.02974251008,0.007176199701
0.02969700924,0.0066545855
0.02965161508,0.006021675743
0.02960634984,0.005406205978
0.02956125108,0.003605334356
0.02951631809,0.001787332856
0.02947154836,0.001565167115
0.02942692722,0.001548195398
0.02938246552,0.001544268133
0.02933811646,0.001541308652
0.02929393412,0.001520841758
0.02924986424,0.001477024544
0.02920592251,0.001454701827
0.02916209391,0.00148647366
0.02911839772,0.001543261501
0.02907484804,0.00161906322
0.02903146311,0.001647779314
0.02898819841,0.001598641744
0.02894508018,0.001527357988
0.02890207146,0.001469948918
0.02885916257,0.002194840345
0.02881637102,0.003557351415
0.02877371221,0.004651593411
0.02873119445,0.005033739833
0.02868880768,0.005012734339
0.02864654295,0.004719202295
0.0286043952,0.003696713834
0.02856237001,0.002283832875
0.02852045564,0.001551817347
0.0284786629,0.001594843378
0.02843700282,0.001565294596
0.02839547257,0.001518604375
0.02835408703,0.001490640081
0.02831282887,0.001468072605
0.02827168112,0.001416605106
0.02823063088,0.001500799086
0.02818969993,0.001905552312
0.02814885799,0.00212287097
0.02810811508,0.002342499242
0.02806752835,0.001878745383
0.02802708039,0.001423771364
0.02798676919,0.001415929092
0.02794659111,0.001385193776
0.02790654071,0.001329053338
0.02786659374,0.001263213861
0.0278267395,0.001218276507
0.02778698022,0.001239595353
0.02774734136,0.001341685147
0.02770775805,0.001389662492
0.02766826911,0.001461137747
0.02762889495,0.001531414503
0.02758964885,0.001439982613
0.02755054748,0.00141107938
0.02751157266,0.001372125274
0.0274727249,0.001326558061
0.02743399575,0.001323285804
0.02739536337,0.001294730335
0.02735682165,0.001267346409
0.02731839417,0.001234252511
0.02728009037,0.001263740607
0.02724189149,0.00129518057
0.0272037953,0.001312016382
0.02716578579,0.001352850462
0.02712786343,0.001437004995
0.0270900421,0.002125118763
0.02705233797,0.002579908379
0.02701476106,0.002859648831
0.02697730472,0.002498322233
0.02693996291,0.002445140058
0.02690271343,0.003643373243
0.02686555273,0.005539742194
0.02682848522,0.006101801906
0.02679152374,0.006124150549
0.02675465481,0.006519351683
0.02671788006,0.005657401561
0.02668121097,0.004175751858
0.02664463233,0.002217831456
0.02660817175,0.001362335123
0.02657183826,0.001279593289
0.02653562552,0.001210417091
0.02649953401,0.001166129926
0.0264635528,0.001167996294
0.02642763682,0.001175200138
0.02639191914,0.001213813504
0.02635624812,0.001265672127
0.02632066899,0.001276885064
0.02628518506,0.001260216609
0.02624978675,0.001258662376
0.0262144764,0.001285448481
0.02617925216,0.001313626015
0.02614410761,0.001312667084
0.02610904316,0.001301950377
0.02607405281,0.001267598373
0.02603915711,0.001240301801
0.02600433864,0.001343486988
0.02596962474,0.001701578787
0.02593501552,0.001873786231
0.02590050613,0.001629043924
0.0258660861,0.001424448679
0.02583175148,0.001491397165
0.02579752063,0.002163414029
0.02576336314,0.002307618443
0.0257292553,0.001794191959
0.0256952856,0.001353165596
0.02566136654,0.001313498922
0.02562752794,0.001334964906
0.02559378105,0.001324558421
0.02556009875,0.001303010876
0.0255265883,0.001265073817
0.0254931442,0.001225458737
0.02545979461,0.001181692542
0.02542651637,0.001157263212
0.02539334597,0.001312836819
0.02536022959,0.002387929098
0.02532718622,0.003115427019
0.02529421716,0.00306219051
0.02526133958,0.002401571867
0.02522857318,0.001633613556
0.02519589738,0.001336169611
0.02516331114,0.001393156365
0.02513081314,0.001584388848
0.0250984051,0.001627543514
0.02506608345,0.001400742265
0.02503384901,0.001267563383
0.02500168907,0.001262330985
0.02496961047,0.001240727222
0.02493761106,0.001198163229
0.02490570205,0.001149563966
0.02487386381,0.001107345657
0.02484213893,0.001070435931
0.02481045648,0.00103168068
0.02477883912,0.0009979674882
0.02474729129,0.0009899020369
0.02471580222,0.001033790158
0.02468439865,0.001094194317
0.02465306034,0.001146293612
0.02462179953,0.001175502464
0.02459061013,0.001177842963
0.02455949995,0.001155274718
0.02452850539,0.001115683154
0.02449759357,0.001061109795
0.02446676212,0.001016867597
0.02443601446,0.001017513466
0.02440534841,0.001062645612
0.02437476847,0.001123288093
0.02434427493,0.00117201588
0.02431385481,0.001204975478
0.02428351608,0.001216513679
0.02425324435,0.001198922705
0.02422304302,0.0011657661
0.02419290659,0.001125373642
0.02416282259,0.001091899874
0.02413283327,0.001070943957
0.02410290936,0.001038847129
0.02407303203,0.0009924179133
0.02404323927,0.0009719066706
0.02401350304,0.001031981414
0.02398383984,0.001337931723
0.02395424528,0.001830517121
0.02392473021,0.002403866604
0.02389529176,0.002905896396
0.02386593088,0.003169111686
0.02383662794,0.00315602594
0.02380740016,0.002698539061
0.0237782671,0.001863450485
0.02374921051,0.001376202956
0.02372022457,0.001278758739
0.02369131164,0.001359881028
0.0236624777,0.001263886919
0.02363372022,0.001205630493
0.02360504241,0.001195080543
0.02357644537,0.001141694426
0.02354790889,0.001058835917
0.02351944263,0.0009738670596
0.02349103663,0.0009062177019
0.02346267417,0.0008813517158
0.02343438621,0.0008995624523
0.02340614917,0.0009323586482
0.02337798322,0.0009708488385
0.02334989023,0.00102222738
0.02332187601,0.001085649122
0.02329393554,0.001143640197
0.02326606777,0.001194637779
0.02323826794,0.001239910002
0.02321053441,0.00152359304
0.02318286669,0.002606196151
0.02315526687,0.003709151825
0.02312773198,0.004567883118
0.02310026496,0.00516620151
0.0230728476,0.005371305522
0.0230455295,0.005238956421
0.02301825404,0.004982480879
0.02299102931,0.004803502433
0.02296388108,0.004603427673
0.02293679545,0.00459624219
0.02290976694,0.004716910921
0.02288279782,0.004494682242
0.02285588743,0.004037779195
0.02282903498,0.003101687324
0.02280224039,0.002237348877
0.02277550228,0.001709970295
0.02274882466,0.001224469391
0.02272221822,0.0011692399
0.02269566778,0.001134419314
0.02266919124,0.0010971236
0.02264275819,0.001058165877
0.02261639747,0.001022487688
0.02259011891,0.001012825294
0.02256386873,0.001022569716
0.022537745,0.001029592773
0.0225116389,0.001015991747
0.02248559012,0.0009840565471
0.02245959723,0.0009536581437
0.02243366039,0.000938198556
0.02240778196,0.0009459448062
0.02238196234,0.0009738337504
0.02235620268,0.00101027541
0.02233050572,0.001053208779
0.02230486889,0.00122654654
0.02227928802,0.002128170546
0.02225375957,0.003364431604
0.02222828973,0.004525042791
0.02220287365,0.005472741562
0.02217751693,0.006447428666
0.02215221598,0.007359264552
0.02212697333,0.00794165495
0.02210179595,0.008077113182
0.02207668796,0.007751509208
0.02205164517,0.007186515994
0.02202666624,0.006417054928
0.02200175489,0.00581668155
0.02197690985,0.005466066683
0.02195211982,0.005124270877
0.02192739195,0.00444409414
0.02190272057,0.003424314645
0.02187810904,0.002214163324
0.02185354651,0.001138243901
0.02182903236,0.0008333174746
0.0218045649,0.0008527788224
0.02178015066,0.0009041308339
0.02175577754,0.000964389312
0.02173145585,0.001019111581
0.02170718559,0.001053450533
0.02168297033,0.001074968158
0.02165880728,0.001079789916
0.02163470086,0.001067854767
0.02161065243,0.001171160449
0.02158666519,0.001430474072
0.02156273419,0.001576490028
0.0215388626,0.001552448027
0.02151504309,0.001207593979
0.02149127519,0.0008540183204
0.02146755865,0.0008367087536
0.02144389285,0.0009051166561
0.02142027808,0.0008993930297
0.02139671616,0.000909494024
0.02137320868,0.0009094420116
0.0213497572,0.0008949506264
0.02132635952,0.0008869846871
0.02130301187,0.001148952283
0.02127971146,0.002406076664
0.02125645983,0.003573412639
0.02123325731,0.004006988717
0.02121010031,0.004087311952
0.02118698372,0.004160086257
0.02116390384,0.004251737201
0.02114086375,0.004275898156
0.02111786734,0.004080099471
0.02109492288,0.003684107466
0.02107203816,0.003030848306
0.02104921659,0.002363789004
0.02102645692,0.001866700091
0.02100374714,0.001438624016
0.0209811108,0.001020210786
0.0209585151,0.0008550017959
0.02093596968,0.0008798155855
0.02091346849,0.0009129048876
0.02089100779,0.000952643484
0.02086860537,0.0009885719678
0.02084624348,0.00100888825
0.02082392339,0.00127231009
0.02080164835,0.002108108065
0.02077941598,0.003078384733
0.02075722573,0.003909171719
0.02073508601,0.004601241147
0.02071299637,0.00508487864
0.02069094412,0.005400148483
0.02066896313,0.005587037343
0.02064701931,0.005564143144
0.02062524434,0.005410414596
0.0206033031,0.005099307502
0.0205815191,0.004653323034
0.02055973077,0.003981230957
0.02053810343,0.003113344967
0.0205164665,0.002305401574
0.02049487961,0.00155970647
0.02047333472,0.0009778214846
0.0204518406,0.0009666875692
0.02043039129,0.0009515208014
0.0204089914,0.0009334833272
0.02038760708,0.0009175805049
0.0203663211,0.0009106238226
0.02034503918,0.0009226218836
0.02032379986,0.0009419428241
0.02030260414,0.0009561196001
0.02028142194,0.0009580892792
0.02026035786,0.001316741888
0.02023929859,0.001985088129
0.02021827977,0.002460700108
0.02019730374,0.002707244632
0.02017636604,0.002679785817
0.02015547344,0.002550162265
0.02013462448,0.002467035074
0.0201138348,0.002439573021
0.02009308435,0.002195133982
0.02007238537,0.001662653875
0.02005172879,0.001109231455
0.0200311038,0.0009312090479
0.02001054383,0.0009447915158
0.01998999148,0.000942017516
0.0199694934,0.0009256384183
0.01994901128,0.000903284026
0.01992823923,0.0008894590656
0.01990817332,0.0008921030447
0.01988778894,0.0009050697821
0.01986746526,0.0009112723203
0.01984716367,0.0009044150705
0.01982689505,0.0008804606169
0.01980666938,0.0008470328205
0.01978647723,0.0008149446439
0.01976633415,0.0007786892655
0.01974623001,0.0007367178306
0.0197261744,0.0006955439356
0.01970382696,0.0006847153153
0.01968622211,0.0008802346965
0.01966618922,0.0009368415474
0.01964647934,0.0009063879727
0.01962667899,0.0009304750274
0.01960690907,0.0009987125754
0.01958719428,0.0009999217826
0.01956749754,0.0009834020198
0.01954788465,0.0009605553199
0.01952828493,0.0009135323826
0.01950872324,0.0008480439323
0.01948919871,0.0007798255573
0.01946971153,0.0007356069795
0.01945025386,0.0007288775022
0.01943083895,0.0007570074514
0.01941147061,0.0008031170659
0.01939213644,0.000842372699
0.01937275282,0.0008660951397
0.01935355772,0.0008741514668
0.01933432535,0.001016977851
0.01931515881,0.001491009295
0.0192959742,0.00196387282
0.01927688144,0.002253519243
0.01925778923,0.002223916332
0.01923875033,0.001939192131
0.01921978204,0.001639176076
0.01920082817,0.001198767273
0.01918191863,0.0009271435575
0.01916302775,0.0008951402048
0.01914419564,0.0008631722809
0.01912538276,0.0008361691804
0.01910660242,0.0008221297226
0.01908785144,0.0008291252905
0.01906914075,0.0008492565163
0.01905045497,0.0008713318807
0.01903179693,0.0008925256871
0.0190131755,0.000906315352
0.01899458748,0.00091118623
0.01897602519,0.0009084500987
0.01895750792,0.0009251758891
0.01893901032,0.001186650114
0.01892056756,0.001714377319
0.01890213434,0.002325096824
0.0188837829,0.003061884467
0.01886543133,0.003738410026
0.0188471582,0.003931442287
0.0188289073,0.004050862056
0.01881068488,0.004166048143
0.01879251281,0.004017173093
0.01877435484,0.003685121876
0.01875625215,0.00332823847
0.01873816912,0.002841491153
0.01872012266,0.002212303555
0.01870210085,0.001549921948
0.0186841246,0.0009535237688
0.01866617331,0.0007236368369
0.01864825999,0.0007034825815
0.01863037837,0.0007098171513
0.01861251934,0.0007321228708
0.01859471059,0.0007627040905
0.01857691649,0.00079566294
0.01855917319,0.0008644173627
0.01854145317,0.001156127669
0.0185237665,0.001507829053
0.01850610852,0.001697943792
0.01848849723,0.001687287694
0.01847092921,0.001558136345
0.01845331605,0.001472594117
0.01843588736,0.001420937909
0.01841841896,0.001380607196
0.01840098586,0.001382769523
0.01838358976,0.001481572923
0.01836621871,0.001624845063
0.01834888077,0.001785627069
0.01833156558,0.001835816394
0.0183142869,0.001768374906
0.01829703493,0.001638768142
0.01827981222,0.001548897966
0.01826263145,0.001517010998
0.0182454748,0.00152950765
0.01822834756,0.00153711562
0.01821125204,0.0015427508
0.01819419,0.001627360056
0.01817716268,0.001818889378
0.01816017027,0.002039285275
0.01814321273,0.002163404518
0.018126295,0.002087689557
0.01810941395,0.001810618084
0.01809255623,0.001416362543
0.01807572046,0.001013219191
0.0180589701,0.0007901716333
0.01804221428,0.0007528662995
0.01802551113,0.000717719333
0.01800863856,0.0006889669213
0.01799219005,0.0006724224668
0.01797557093,0.0006691249983
0.01795898091,0.0006782681015
0.01794241589,0.0006970399656
0.01792587314,0.0007214654143
0.01790938217,0.0007475935587
0.01789289387,0.0007692877472
0.01787646024,0.0007828731687
0.01786002319,0.0008800300987
0.01784363684,0.001087731385
0.01782729014,0.001235464428
0.017810945,0.001245192775
0.01779466298,0.001183236149
0.01777840031,0.0009996821496
0.01776217237,0.0008183041407
0.01774597717,0.0007496606538
0.01772981685,0.00079422344
0.01771369573,0.0008334216843
0.01769758211,0.0008528619825
0.01768152914,0.000844764076
0.01766549034,0.0008119844305
0.01764949421,0.0007655991146
0.01763351826,0.0007318660386
0.01761757395,0.0007120730414
0.0176016571,0.0007120163044
0.01758576708,0.0007374664709
0.01756990573,0.0007783162203
0.01755407064,0.0008212436293
0.01753827937,0.000862283432
0.01752250979,0.0009067295895
0.01750676751,0.001100921286
0.01749105031,0.001240544814
0.01747536077,0.001450539535
0.01745970012,0.001602661777
0.01744406653,0.001721915263
0.01742844874,0.001833671265
0.01741288004,0.001671101828
0.01739733566,0.00146937478
0.01738182653,0.001270664147
0.01736633815,0.001105254008
0.01735087192,0.001127795215
0.01733543358,0.001293430018
0.01732001375,0.001451233387
0.01730461599,0.001308571645
0.01728925337,0.0009780539855
0.01727389925,0.0009016008295
0.01725858644,0.0009767626223
0.01724327613,0.001063418267
0.0172280214,0.001267136201
0.01721278314,0.001366243073
0.01719757217,0.001484418867
0.01718238184,0.001659917033
0.017167233,0.001792693904
0.01715210726,0.001920681705
0.01713700477,0.002011170513
0.01712193048,0.001851402743
0.01710688385,0.00155755171
0.01709186138,0.00123527994
0.01707686702,0.0009973293733
0.01706190399,0.0008180046655
0.01704696715,0.0007527384302
0.01703206116,0.0007499121651
0.01701718285,0.0007663908019
0.01700233425,0.0007838436971
0.01698750662,0.0007983732112
0.01697270375,0.0008069678253
0.01695792402,0.0008053647251
0.01694315761,0.000794391744
0.0169284375,0.0007775524177
0.01691372768,0.0007588247995
0.01689904767,0.0007617565869
0.01688438326,0.0007656012549
0.01686977349,0.0007668479206
0.01685518242,0.000759748174
0.0168406201,0.0007616757968
0.01682607653,0.0007990004131
0.0168115541,0.0007882859489
0.0167970595,0.000803979942
0.01678258528,0.0008178172528
0.01676813434,0.000829712962
0.0167536928,0.0008298193618
0.01673930414,0.0008123304996
0.01672492395,0.0007832356665
0.01671057525,0.0007487520823
0.01669625046,0.0007074424027
0.01668195166,0.0006652918532
0.01666767211,0.0006459574322
0.01665341218,0.0006497956235
0.01663917334,0.0006586056738
0.01662496797,0.0006815960916
0.01661075516,0.0007187917702
0.01659656803,0.0007561864011
0.01658240817,0.0007799916755
0.01656825711,0.0007808089446
0.01655413509,0.0007647869517
0.01654003346,0.0007411369295
0.01652596785,0.0007217756863
0.01651191003,0.0007112972906
0.01649790161,0.0007101484823
0.01648392029,0.0007171746761
0.01646995589,0.0007196216071
0.01645601533,0.0007122700486
0.01644209529,0.0006989508728
0.01642819567,0.000684737936
0.01641432467,0.0006751512518
0.01640047122,0.000677823945
0.01638664373,0.0006899650366
0.01637283495,0.0007050076786
0.01635904444,0.0007203728156
0.01634527236,0.0007329929786
0.01633153896,0.0007667815459
0.01631781771,0.0009746769786
0.01630412177,0.001264869669
0.0162904454,0.001533648802
0.01627685648,0.00164807123
0.01626317343,0.001417857049
0.01624957841,0.0008144649727
0.01623600335,0.0006084015095
0.01622246567,0.0005903751503
0.01620893738,0.0005844650787
0.0161954457,0.0005888393538
0.01618197656,0.0006051282538
0.01616853023,0.000633919912
0.01615510245,0.0006696027547
0.0161417116,0.0006970965871
0.01612834904,0.0007238093459
0.01611499872,0.0007477676639
0.01610168143,0.0007692398207
0.01608836496,0.0007809195938
0.01607506715,0.0007839580521
0.01606180725,0.0007794587782
0.01604855614,0.0007680457875
0.01603531999,0.0007538353894
0.01602210718,0.0007353679224
0.01600890533,0.001002862531
0.01599575855,0.001611722003
0.01598257844,0.002049333009
0.01596945418,0.002105666553
0.0159563577,0.001901226668
0.01594325923,0.001579257119
0.01593019967,0.001256171937
0.01591716531,0.001044044817
0.0159041619,0.0008818482566
0.0158911722,0.0007780476459
0.01587821534,0.0007890925928
0.0158652779,0.0007789868647
0.01585235799,0.0007487958512
0.01583944934,0.0007131519627
0.01582658282,0.0006837481005
0.01581372153,0.0006651915116
0.01580087574,0.0006614991695
0.01578804985,0.0006732603827
0.01577523255,0.0006953717632
0.01576243952,0.0007185674716
0.01574966442,0.0007357749712
0.01573690789,0.0007454041248
0.01572417347,0.0007421868715
0.0157114577,0.0007241550603
0.01569877189,0.0006958585072
0.0156860895,0.0006667315609
0.01567345029,0.0006449720665
0.01566082972,0.0006360552992
0.01564822831,0.0006418624613
0.01563564349,0.0006597124639
0.01562307771,0.0006821116219
0.01561053077,0.0007033413353
0.01559800003,0.0007198116457
0.01558549007,0.0007327598682
0.01557299938,0.0007431226569
0.01556052551,0.0007505817613
0.01554807885,0.0007512368648
0.01553565582,0.0007425394122
0.01552323645,0.0007285292913
0.01551083281,0.0007158777466
0.01549837817,0.0007080178849
0.01548607434,0.0007513376382
0.0154737209,0.001033821321
0.01546128605,0.001503325769
0.01544907385,0.002039245374
0.01543678309,0.002544229046
0.01542444408,0.002897301573
0.01541223186,0.003018936077
0.01539960434,0.002974497993
0.01538790859,0.002863846079
0.01537574508,0.002740927403
0.01536360308,0.002601714082
0.01535148096,0.002354134938
0.01533938621,0.00195818258
0.01532730721,0.001416657823
0.01531523877,0.000882164182
0.01530319314,0.0006838813858
0.01529117528,0.0006858053748
0.01527915658,0.0006771833613
0.01526717706,0.0006587116491
0.015255204,0.0006371122603
0.01524324713,0.0006175674917
0.01523130127,0.0005990831765
0.01521938457,0.0005804512062
0.01520748039,0.0005546339363
0.01519558905,0.0005425368354
0.01518373077,0.0005424447852
0.01517187675,0.0007025226913
0.01516005321,0.001208009285
0.01514824004,0.001417541838
0.01513644515,0.001430446191
0.01512466715,0.00139753241
0.0151129064,0.001483131302
0.01510116296,0.00157129278
0.01508944069,0.001568077506
0.01507770589,0.001381593414
0.01506604614,0.001010118022
0.01505437568,0.0006433344168
0.01504273569,0.0005707586613
0.01503109322,0.0005206265457
0.01501948728,0.0004954713184
0.01500788804,0.00050526067
0.01499630723,0.0005466755299
0.01498474083,0.0006005541778
0.01497319594,0.0006517880727
0.01496166013,0.0006884526219
0.0149501601,0.0007111363234
0.01493866044,0.0008609016679
0.0149271915,0.00121725663
0.01491555131,0.00149452498
0.01490430874,0.001496042268
0.0148928919,0.001532168973
0.01488149413,0.001661546072
0.01487011189,0.001845391626
0.01485874791,0.001840238379
0.01484739637,0.001675472196
0.01483607644,0.001372371249
0.01482476645,0.001053727927
0.01481347496,0.0008360890854
0.01480219903,0.0007725152503
0.01479093898,0.0007751443075
0.01477969416,0.0007786542687
0.01476846421,0.0007343599195
0.01475726366,0.0006840042787
0.01474608056,0.0006548964998
0.01473490656,0.0006294385434
0.01472374879,0.0006076850336
0.01471260869,0.0005945013285
0.01470146768,0.0005964843006
0.01469037334,0.0006146132399
0.01467928787,0.0006422299153
0.0146682141,0.0006662664312
0.01465716441,0.0006809571613
0.01464613163,0.0006837075045
0.01463511711,0.0006769507436
0.01462411859,0.0006659241276
0.0146131311,0.0006544510331
0.01460217956,0.0006448721992
0.01459123157,0.000634548581
0.0145802757,0.0006228869026
0.01456934298,0.0006219506704
0.01455847783,0.0006883475135
0.01454758714,0.0008135951191
0.0145367088,0.0009656124719
0.01452584535,0.00115230506
0.01451499707,0.001279096554
0.01450417488,0.001553722297
0.01449336772,0.001759214557
0.01448257451,0.001881909773
0.01447177372,0.001958008694
0.0144610541,0.001692585214
0.01445032015,0.001384101615
0.01443960449,0.001052998669
0.01442890666,0.0007502534276
0.01441822459,0.0007261543307
0.01440756567,0.000726650636
0.01439691767,0.0007144193585
0.01438628948,0.0006918458526
0.01437572573,0.0006596159769
0.01436508925,0.0006199525058
0.01435455436,0.0005864224303
0.01434395461,0.0005676168271
0.01433340805,0.0005647126858
0.01432287188,0.0005824478061
0.01431235028,0.0006138926885
0.01430182933,0.0006501509742
0.01429133837,0.0006851128125
0.01428084546,0.0007113500423
0.01427036797,0.0007253973803
0.01425990809,0.0007296531601
0.01424945577,0.0007253557208
0.01423903678,0.0007106419485
0.0142286239,0.0006845063483
0.01421822467,0.0006526930743
0.01420783917,0.0006747986139
0.01419747414,0.0009383469827
0.01418712169,0.001327874205
0.014176784,0.001677040697
0.01416646572,0.001880126047
0.01415603381,0.001972347439
0.01414587639,0.002011030817
0.0141356033,0.001970438071
0.01412534414,0.001777590382
0.01411509702,0.001436227396
0.01410486508,0.001054198567
0.01409463454,0.0007326453913
0.0140844153,0.000667359468
0.01407424865,0.0006727497199
0.01406406556,0.0006700453413
0.01405391507,0.0006603430527
0.0140437674,0.0006476795802
0.01403363876,0.0006381745981
0.01402352464,0.0006336925878
0.01401342371,0.0006348967887
0.01400333834,0.0006426506531
0.01399326386,0.0006533828474
0.01398320399,0.0006604943892
0.01397315524,0.0006629427111
0.01396312593,0.0006610455587
0.01395309868,0.0006532841649
0.01394308487,0.0006404206922
0.01393308373,0.0006239967278
0.01392309566,0.0006039858323
0.01391311572,0.0006134805632
0.01390315908,0.0007013774297
0.0138931974,0.000827721807
0.01388327832,0.001045695206
0.01387336349,0.001391870904
0.01386346029,0.001810508153
0.01385357564,0.00216171357
0.01384370231,0.002294228693
0.01383383512,0.002110569228
0.01382395571,0.001734756177
0.01381411847,0.001289131089
0.01380435985,0.001001782522
0.01379456364,0.0006628514067
0.013784785,0.0006274360849
0.0137750218,0.0006188590015
0.01376527362,0.0006125786937
0.01375554157,0.0006074864467
0.01374582174,0.0005998089222
0.01373611753,0.0005927265451
0.0137264239,0.0005861242347
0.01371674684,0.0005923939213
0.01370707762,0.0006801302449
0.01369741686,0.0008832159193
0.01368777312,0.001189354452
0.01367810471,0.001495334463
0.01366848708,0.001721741912
0.01365888716,0.001879632657
0.01364929733,0.00195332079
0.01363971267,0.001984526985
0.01363014068,0.001964657013
0.01362057785,0.00186003614
0.01361102404,0.001637604259
0.01360152415,0.00123150632
0.01359201334,0.0007848965368
0.01358245492,0.0005221300405
0.01357302876,0.0005132444541
0.01356355485,0.0005150131151
0.013554095,0.0005194992518
0.01354463966,0.0005306552035
0.01353518608,0.0005522455512
0.01352575018,0.0005821706242
0.01351638809,0.0006143803224
0.01350695778,0.0006446571543
0.01349756156,0.0006691008308
0.01348817498,0.0006856092331
0.01347880229,0.0006938976563
0.01346943766,0.0006921155582
0.01346008224,0.0006785578829
0.01345073778,0.000687664504
0.01344141421,0.001074079432
0.01343209167,0.001649530943
0.01342279271,0.002048114412
0.0134135098,0.002417546019
0.01340423544,0.002864598417
0.01339498352,0.003316323624
0.01338572292,0.003537506804
0.01337649858,0.003638791052
0.01336727966,0.003669211126
0.01335807942,0.003632204216
0.0133488899,0.003505403595
0.01333971926,0.003347822769
0.01333056751,0.003156169826
0.01332141645,0.002907837511
0.01331230196,0.002588757516
0.01330319116,0.002300643196
0.01329408969,0.002165675735
0.01328417588,0.002114393476
0.01327592896,0.002049187313
0.01326687266,0.001930898649
0.0132578245,0.001709498989
0.01324879224,0.001394306026
0.01323973257,0.001068010016
0.0132307694,0.0007937258529
0.01322177893,0.0006167704264
0.01321280474,0.0005347574107
0.01320378386,0.0005167031163
0.01319489427,0.000504572183
0.01318596243,0.0005011942202
0.01317702613,0.0005080558034
0.01316812696,0.0005225830531
0.01315922763,0.0005377222711
0.01315033691,0.0005578808595
0.01314145727,0.0005814997813
0.0131325882,0.0006081205284
0.01312373117,0.0006331357901
0.01311488186,0.0007033573967
0.01310604696,0.0008264369326
0.01309722432,0.0009190561742
0.01308841232,0.001085056578
0.01307960946,0.001302124637
0.01307082332,0.001556950942
0.01306204855,0.001813443125
0.01305329123,0.002046781434
0.01304453805,0.00214342636
0.01303580314,0.001950262769
0.01302709227,0.001678492296
0.01301838794,0.001633144626
0.01300969408,0.001699557129
0.01300101523,0.001710606461
0.01299234802,0.001622108063
0.01298369337,0.001442273256
0.01297505188,0.001213241592
0.01296642054,0.001000436704
0.0129577906,0.000874337207
0.01294917279,0.0008223643621
0.01294057986,0.0007238848218
0.01293198679,0.0006180833964
0.01292340146,0.0006151232142
0.01291482237,0.0006117368011
0.01290625397,0.0006016098675
0.012897696,0.0005837609995
0.01288914896,0.0005594165062
0.01288060617,0.0006375362857
0.01287209003,0.000860837088
0.01286358102,0.001132987408
0.01285508544,0.001428600589
0.01284659474,0.001784734891
0.01283811914,0.00216822595
0.01282967175,0.002423379471
0.01282122643,0.002515567082
0.01281279097,0.002534151093
0.01280435944,0.002504045805
0.0127959609,0.002440604203
0.0127875651,0.002361994014
0.01277917742,0.002268827553
0.01277080457,0.002144876927
0.01276244171,0.001980588873
0.01275408873,0.001798146454
0.01274574136,0.001646899008
0.01273741156,0.001530906575
0.01272907838,0.001437538418
0.01272076265,0.001362312916
0.01271246945,0.001296434552
0.01270417065,0.001216331575
0.01269588777,0.001094560528
0.01268761394,0.0009146618709
0.01267934759,0.0007103473776
0.0126710995,0.0005808952109
0.01266286286,0.0005513504283
0.01265463475,0.0005371987848
0.01264641702,0.0005273243565
0.01263820768,0.0005221237956
0.01263000986,0.0005215264307
0.01262181586,0.0005260715277
0.012613641,0.0005361501804
0.01260546338,0.0005508954446
0.01259730491,0.0005673588295
0.01258915894,0.0005827913167
0.01258101447,0.000596027472
0.01257288368,0.0006058701622
0.01256476198,0.0006117207161
0.01255664254,0.0006233191201
0.01254854053,0.0007209118073
0.01254044609,0.0008831126437
0.01253237188,0.001003217337
0.01252429214,0.001028223287
0.0125162256,0.0009423251089
0.01250816873,0.0007725161306
0.01250012141,0.0006030504214
0.01249208037,0.0005656665164
0.01248405272,0.000550519547
0.01247603561,0.0005350386898
0.01246802939,0.0005188543721
0.01246003442,0.0005020737527
0.01245205068,0.000485610173
0.01244351609,0.000471840458
0.01243611507,0.0004621743034
0.01242816137,0.0004584550201
0.01242021066,0.0004638160543
0.01241228901,0.0004771172763
0.01240436578,0.0004917972004
0.01239645293,0.0005035464542
0.01238854713,0.0005121091137
0.01238065519,0.0005166260167
0.01237275918,0.0005191084297
0.01236490524,0.0006280172368
0.01235704936,0.001015538669
0.01234920802,0.001346250473
0.01234137667,0.001521476267
0.01233355643,0.001556152653
0.01232574684,0.001433744263
0.01231794758,0.00119914796
0.0123101494,0.000957052957
0.01230237785,0.0006214951721
0.01229460635,0.0005276573406
0.01228684424,0.0005181374853
0.01227909092,0.0005029371691
0.01227134366,0.0004857816566
0.0122636066,0.0004710646914
0.01225587592,0.0004623805563
0.01224814979,0.0004658896889
0.01224043374,0.0004800225704
0.01223272313,0.0005032815833
0.01222502616,0.0005347788455
0.01221732292,0.0005666983983
0.01220967471,0.0005923036747
0.01220196723,0.0006132916819
0.01219429964,0.0006242237081
0.0121866423,0.0006206604882
0.01217899885,0.00060380654
0.01217136446,0.0005821758733
0.01216373867,0.0005612407686
0.01215613017,0.0006059667822
0.01214852941,0.0006842764135
0.01214094168,0.0006259426743
0.01213336816,0.0006065908868
0.01212580441,0.0007041789507
0.01211825263,0.0007473505915
0.01211070224,0.0008309272655
0.01210318425,0.0008463979205
0.01209566927,0.000856891547
0.0120881639,0.0007266920208
0.01208065768,0.0006906775484
0.01207318183,0.0007849209049
0.01206570402,0.0009713916958
0.01205823786,0.001221167675
0.01205077533,0.001413620383
0.01204331755,0.001426498515
0.01203587605,0.001423798474
0.01202843651,0.00157934806
0.01202100366,0.001838915667
0.01201358884,0.001993185069
0.01200617635,0.001859546825
0.0119987835,0.001685570698
0.01199139692,0.00150780013
0.0119840163,0.001381874468
0.0119766492,0.001358092454
0.01196928829,0.001326526221
0.01196193094,0.001081614836
0.01195459194,0.0007194649247
0.01194725575,0.0005217942184
0.01193993214,0.0005051219164
0.01193260943,0.000499457275
0.01192529608,0.0005015638512
0.01191796183,0.0005107655093
0.01191069845,0.0005220551633
0.01190341488,0.0005349575017
0.01189613773,0.0005482553801
0.0118888705,0.0005584701509
0.01188160978,0.000562238978
0.01187435503,0.0005600388557
0.01186706231,0.0005540213413
0.01185987165,0.0005694399011
0.01185266494,0.0006213080222
0.01184535263,0.0007202045596
0.01183820095,0.0008970149342
0.0118309952,0.001136293137
0.01182379363,0.001370670693
0.01181660477,0.001590940682
0.01180941961,0.001798145278
0.01180224452,0.001968925691
0.01179507765,0.002082110012
0.01178791783,0.002109589195
0.01178076317,0.00203381002
0.01177362211,0.001878643893
0.0117664846,0.001717372428
0.0117592793,0.001610611268
0.01175224927,0.001569605275
0.01174512132,0.001555979853
0.01173796185,0.001534462794
0.01173092118,0.001488708213
0.01172380471,0.001389419654
0.01171676194,0.001210420862
0.01170969459,0.0009752065579
0.0117026473,0.0007297203154
0.01169560463,0.0005236034537
0.01168857653,0.0003993455924
0.01168155492,0.0003575423341
0.01167454314,0.0003550048034
0.01166753879,0.0003683748961
0.01166054845,0.0003948247578
0.01165356438,0.0004281105988
0.01164658582,0.0004606807477
