4.009804303,40.01710414
2.198117327,19.38334826
1.657331983,9.200772942
1.32157483,5.715766963
1.0558814,3.825291088
0.87825289,3.057523275
0.7588324478,2.295371467
0.6722410653,1.810234139
0.6009596967,1.488865473
0.5449931095,1.299003222
0.4979925569,1.137713667
0.4584481646,0.977814946
0.4251541534,0.8300550156
0.3968621157,0.7226395438
0.3702790955,0.6444852524
0.3472422229,0.5604330372
0.3259859218,0.5328935094
0.3074777658,0.4960326903
0.2915882773,0.4317135037
0.2775060951,0.3461683549
0.2645061168,0.3297314639
0.2531851583,0.2916411766
0.2424971152,0.2616219581
0.2326230328,0.2308623542
0.223392145,0.2042788142
0.2147678913,0.1955150244
0.2068660292,0.1746358822
0.1994892348,0.1613770485
0.1925371266,0.1322412508
0.1862099638,0.1266867466
0.18040218,0.1138833074
0.1749731582,0.1118383364
0.1696490233,0.09883784816
0.1646868378,0.0999704984
1.150336274,3.20317098
0.4533463422,1.807154483
0.2863512666,1.268802152
0.2077094277,0.9680541308
0.1676581261,0.780398947
0.141362695,0.6175380671
0.1203812395,0.5584142711
0.1016054129,0.425404178
0.08844030063,0.3682976025
0.07983414072,0.3129348061
0.07352999486,0.2767539317
0.06700322836,0.2510803727
0.06279355236,0.2227119394
0.05901006904,0.1900869826
0.05555443059,0.1805693989
0.05219894113,0.161186905
0.04928310974,0.1473846241
0.04716517165,0.1302103796
0.04499545331,0.1201956502
0.04308069595,0.1275481982
0.04109339831,0.1041795672
0.03883822386,0.0989479497
0.03703385229,0.0944923222
0.03547005425,0.0875069803
0.03408036407,0.08073066609
0.03287636432,0.0722991144
0.03157204509,0.07227718976
0.0303509209,0.06323425651
0.02917814926,0.06080870716
0.02804758032,0.05657140642
0.02687836404,0.05581902823
0.02606789965,0.05206143361
0.02534142604,0.05366153264
0.02455368713,0.05460092734
0.2004002723,0.4009848717
0.09398277659,0.2688041183
0.06052710822,0.2231924165
0.04464194141,0.1947171273
0.03841490043,0.1680255192
0.03085358005,0.134141907
0.02792726395,0.1301138766
0.02623388298,0.1088429572
0.02431531465,0.1074859094
0.02210962509,0.09179865863
0.02007792564,0.08815402718
0.01845299396,0.07648764267
0.01726329803,0.07781281335
0.01583149127,0.07600481968
0.0144221314,0.06426159738
0.01323318466,0.06107605511
0.01251147526,0.0557886962
0.01202907105,0.05312690706
0.0116242861,0.05292592264
0.01113004739,0.05680758995
0.0106456078,0.04837336088
0.01026428513,0.05281022367
0.009865304467,0.04557421177
0.009503148903,0.04291581006
0.009064353229,0.04091701369
0.008573119108,0.03587503869
0.008121222581,0.04050610504
0.007692149416,0.03798936279
0.007399388625,0.03726428686
0.007234828676,0.03678678332
0.007091339577,0.03181634825
0.006986754285,0.03359685369
0.0068278996,0.0324433319
0.006633807951,0.03050258196
0.05411995621,0.07632536323
0.02812484849,0.0595607069
0.02114402098,0.05592646882
0.0161068754,0.04992220782
0.01108238953,0.04656095384
0.007976580534,0.04373558737
0.006596259103,0.03949883375
0.006615708215,0.03471622391
0.006926804385,0.03459213901
0.007309834298,0.03319277698
0.007644329564,0.03323010218
0.007755905923,0.03120747887
0.007722447283,0.03148726313
0.007461519136,0.02839349816
0.007165095715,0.02668941799
0.006913264438,0.02763265137
0.006706195726,0.02608391365
0.006563498881,0.02592318362
0.006468552355,0.02561337927
0.006447391903,0.02565032524
0.006398790676,0.02604427496
0.006264280939,0.02417586537
0.006089110752,0.02440227687
0.005899937831,0.02449639105
0.005703973585,0.02173454193
0.005489931779,0.02295385393
0.005264420339,0.02215662116
0.005017308109,0.02191671909
0.00474950467,0.01975118807
0.004510320178,0.01962571425
0.004297358791,0.01927589759
0.004082074039,0.0195355329
0.003873504731,0.02047891052
0.003670747722,0.02082370255
0.01976167438,0.02988017081
0.01047315827,0.02303316019
0.008364508107,0.02124848643
0.00706638796,0.02000133356
0.006204621554,0.01968896834
0.005483315776,0.01861904199
0.004940678751,0.01799100876
0.004627491131,0.01788694125
0.004451602647,0.01628289864
0.004384770173,0.01633376131
0.004342193243,0.01562523405
0.004310494043,0.01470100817
0.004324901594,0.0145940244
0.004361569168,0.01437320781
0.004384184455,0.01382079539
0.00438007457,0.01403060511
0.004340707116,0.01408384913
0.004265461607,0.014377207
0.004147701698,0.01378683803
0.004001698524,0.01298132383
0.003854834668,0.01127599082
0.003734641062,0.01156051647
0.003639524043,0.01131069849
0.003561559581,0.009966822313
0.00350976756,0.009277804204
0.003486938422,0.008934759497
0.003482641116,0.008532025616
0.003499289312,0.008497843511
0.003532337722,0.008602754765
0.003569337684,0.009259549524
0.003599516029,0.009974969646
0.003620626297,0.01074858348
0.003624699696,0.01081221619
0.003601961821,0.01006952741
0.01898288186,0.02143429408
0.01060282297,0.01667829362
0.007895105406,0.01547601208
0.006277540925,0.01353874238
0.005793535648,0.01285515372
0.005522522143,0.01222552891
0.005259051833,0.01155046392
0.005049644164,0.0108822188
0.004965852714,0.00899663156
0.005010162083,0.009054742288
0.00508860128,0.008521340999
0.005178714081,0.008287499441
0.005257470726,0.007306900012
0.00532909293,0.007952289975
0.005376893547,0.0077146123
0.005401077499,0.007564760035
0.005398833524,0.006789454449
0.005379046752,0.007970232276
0.005326095607,0.008405107227
0.005242902236,0.008441075744
0.005139563744,0.008513495082
0.005010489106,0.008252859284
0.004858820377,0.007658462854
0.004694406502,0.007124361298
0.004533948512,0.007218925642
0.004372401373,0.007055936926
0.004209135136,0.007310427142
0.004052640582,0.007724176776
0.003897289633,0.007740768962
0.003741448884,0.007583540913
0.003587322173,0.007387903155
0.003432561988,0.007038817646
0.00327716528,0.006807291947
0.003126347626,0.006317682394
0.01198057941,0.00992458992
0.007406980018,0.007245195263
0.00611128433,0.006299536558
0.005422633378,0.005825132702
0.004927655088,0.005514126799
0.004573042077,0.005585718496
0.004298079759,0.004549265548
0.004070619875,0.00505356083
0.003857964417,0.005017863728
0.003679263479,0.00479716498
0.00353446909,0.004626307141
0.003413712602,0.004912854604
0.003291156808,0.004891620799
0.003152487025,0.005134429816
0.002988880336,0.005091082744
0.002805689786,0.004801249668
0.002622545603,0.004482539675
0.002453342505,0.00407635173
0.002304752651,0.004141184539
0.002175483942,0.003668519531
0.002063022227,0.003449986866
0.001971515749,0.003200168649
0.00190029937,0.003173592748
0.001839081565,0.003290700604
0.001786185102,0.002891855089
0.001749005312,0.002569890291
0.00172673697,0.002700306478
0.001718023681,0.003211350385
0.001719379955,0.003176613425
0.001727149143,0.003165476521
0.00173859759,0.003425309517
0.001750713565,0.003608351213
0.001760721945,0.00360725319
0.001769064273,0.003398122273
0.002308192329,0.003304479596
0.002110516327,0.001837281513
0.002012409002,0.001688401681
0.001989947317,0.001594572225
0.001983307726,0.001481428269
0.001986361474,0.00135839157
0.001998560947,0.001217983175
0.002013658539,0.001152104777
0.002031541312,0.00109105673
0.002050716732,0.001003858538
0.002069038305,0.0008936885719
0.002085596834,0.0008468362036
0.002100729645,0.0008653714356
0.002113823312,0.0007756853808
0.002125292389,0.0006354756714
0.002135593527,0.0006655518061
0.002143853858,0.0007761023906
0.002149895245,0.000794392459
0.002154142803,0.000816297323
0.002156472776,0.0008717798234
0.002156970485,0.001002431835
0.002155568191,0.001054141074
0.002152335417,0.001090608394
0.00214733357,0.001175378062
0.002140534739,0.001278256339
0.002130456627,0.001388746315
0.002115613705,0.001437145634
0.002097052237,0.001459316727
0.002075782865,0.001514903972
0.002051941353,0.001591586844
0.002026007342,0.001599794184
0.001998439418,0.001594956634
0.001969808079,0.001615851588
0.00194004723,0.00166243908
0.001908770319,0.001688319052
0.002082577506,0.0007954460393
0.002041674417,0.0006786568217
0.002024048831,0.0006873489387
0.002007365965,0.0006699236488
0.001991561617,0.0007146785192
0.001975914504,0.0007788977555
0.00196007387,0.000813498984
0.00194336763,0.0008450182232
0.001924930113,0.0009229229632
0.001901068081,0.001026128404
0.001870181197,0.0010662635
0.001835264337,0.001091206694
0.001799819934,0.001146978647
0.001764636235,0.001199871259
0.001729744917,0.001262408305
0.001694840466,0.00130751273
0.001659371583,0.001313954811
0.001623570055,0.00132372015
0.001588092657,0.001299727921
0.001553057448,0.001266440615
0.001518648862,0.001237599787
0.001484968178,0.001222816409
0.001452065672,0.001180948843
0.001420219891,0.001141406704
0.001390024918,0.001129436169
0.001361744746,0.001098664129
0.001335636943,0.001054664659
0.001311653277,0.0009947477101
0.001289764949,0.0009368768265
0.001269983359,0.0008796899458
0.001252437904,0.0008199304184
0.001236961484,0.0007320564476
0.001222766255,0.0006831994232
0.001209409393,0.0006665299942
0.001332066949,0.0008444122969
0.001309314611,0.000824649465
0.001291634915,0.0008277416196
0.001279046006,0.0008001019597
0.001269407807,0.0007667360724
0.001263237874,0.0007471667117
0.001260472325,0.0007319241588
0.001258772232,0.0006905675452
0.001258854644,0.0006712668216
0.001258828406,0.0006560546307
0.001258814277,0.0006222525881
0.001259757196,0.000573585126
0.001261718587,0.0005155724384
0.001264621757,0.0004712232904
0.001268043266,0.0004359691187
0.00127079524,0.0004706182732
0.0012710483,0.0004693580908
0.00126946001,0.0005066443896
0.001266456879,0.0005373988934
0.001262375136,0.0005538662313
0.001257312648,0.0005698043594
0.001251432335,0.0006177124633
0.00124124596,0.0007484924445
0.001226500542,0.0008170737328
0.001208338634,0.0008600453594
0.001187639608,0.000877118146
0.001165014432,0.0008766045261
0.001140724617,0.0008826718958
0.001115752414,0.000873951273
0.001090564196,0.000836542283
0.001065941168,0.0008179296013
0.001042396751,0.0008165034583
0.001020410033,0.0007934693602
0.001000159049,0.0007323679268
0.00169893198,0.001266300276
0.001380931488,0.001037622451
0.001274414929,0.000863216066
0.001239044718,0.0008115155773
0.001221896942,0.0006786581226
0.00121222995,0.0007542466544
0.001198712019,0.0007325001028
0.001173797538,0.0007483757097
0.001146340502,0.0008542930764
0.00111194099,0.0008895941033
0.001071975623,0.0008937456835
0.00103265675,0.0008787604909
0.0009957976506,0.0007893030508
0.0009625195143,0.0007675406582
0.0009318935158,0.0007721218513
0.0009046973959,0.0007618936641
0.0008814155387,0.000796440825
0.0008615135382,0.0008289037933
0.0008446678091,0.0008114399058
0.0008312614274,0.0007941192685
0.0008211020231,0.0007626073774
0.0008130300789,0.0006826228257
0.0008069228191,0.0006437572813
0.0008024085857,0.0006343406348
0.0007988163121,0.0006311843525
0.000795536083,0.0006800709193
0.0007919145408,0.0006906671924
0.000787846432,0.0007181385429
0.0007835802548,0.0007325479651
0.0007791717543,0.0007344542975
0.0007746898456,0.0007231965991
0.0007703779445,0.0006899781092
0.0007664833497,0.0006824588908
0.0007630129528,0.0006780304373
0.0008719848291,0.0005228420889
0.0007909114513,0.0004392829611
0.0007796073175,0.0004291114599
0.0007735387251,0.0004152482467
0.000769347413,0.0004044397082
0.0007668307466,0.0003978564456
0.0007650157239,0.0003972810898
0.0007637774091,0.0003899083399
0.0007630300649,0.0003822379136
0.0007626078691,0.0003725225247
0.0007624378188,0.0003697639766
0.000762358722,0.0003657811899
0.0007623693793,0.0003614595865
0.0007624048389,0.0003606359057
0.0007624307673,0.0003500435384
0.0007625372307,0.0003397144175
0.0007627396077,0.0003278086856
0.0007629457479,0.0003200389914
0.0007629815075,0.0003096432282
0.000763131787,0.0003032391656
0.0007634481414,0.0002973731182
0.0007634299944,0.0003062485667
0.0007628663276,0.0003085889218
0.000761875486,0.000317830469
0.000760310045,0.0003171411214
0.0007582691127,0.0003208132509
0.0007559318586,0.0003260694031
0.0007533478887,0.0003481939781
0.0007506083809,0.0003683701043
0.000747755146,0.0003756691768
0.0007447197821,0.0003846885789
0.0007416216403,0.0003997625999
0.000738504605,0.0003995380597
0.0007353156106,0.0003998773617
0.0009128596692,0.0005676491439
0.0008315550362,0.0004500889535
0.0008124968828,0.0004054700396
0.0008022434932,0.0003324579444
0.000797894741,0.000353308314
0.0007947781056,0.0003675754932
0.0007909548423,0.0003753085374
0.0007850830903,0.000369414078
0.0007781976937,0.0003698430679
0.0007719242493,0.0003815905285
0.0007660741638,0.0003871055328
0.0007606330364,0.0003990283532
0.0007553897721,0.0004173102478
0.0007502128464,0.0004033149935
0.0007450477073,0.0004250073385
0.0007398799617,0.0004361269555
0.0007346922668,0.0004398974664
0.0007293636886,0.0004306154548
0.0007238733679,0.0004330701794
0.0007183273567,0.0004259807075
0.0007128651809,0.0004468074215
0.0007073844063,0.0004661635245
0.0007017612386,0.0004759125077
0.0006960374529,0.0004640551022
0.0006903563719,0.0004525812456
0.0006847836133,0.0004292888924
0.0006793551098,0.0004349912539
0.0006740259742,0.0004458749245
0.0006687996795,0.0004660559393
0.0006636229218,0.0004694003809
0.000658508752,0.000477597127
0.000653469239,0.0004712139498
0.0006484776871,0.0004647738773
0.0006435306899,0.0004580252384
0.0007753687192,0.0005076034277
0.0006631047088,0.0004271313699
0.0006405186028,0.0004120232912
0.0006281292606,0.0003905459432
0.0006204392423,0.0003763207388
0.0006153769159,0.0003670918379
0.0006111541016,0.0003627135049
0.0006075933833,0.0003741059156
0.000604118831,0.0003733134741
0.000600561276,0.0003626627213
0.0005971009577,0.0003580815124
0.0005937798695,0.0003640187217
0.0005906887904,0.0003621486375
0.0005877371729,0.0003561916475
0.0005849888108,0.0003667387406
0.0005823294867,0.0003606996868
0.0005797840174,0.0003586222846
0.0005773741442,0.0003667052487
0.0005749690495,0.0003710708719
0.0005725653193,0.0003677202243
0.0005702123805,0.0003610330598
0.0005679113123,0.000357635594
0.0005656402797,0.0003584742137
0.0005633717096,0.0003614606725
0.0005610664127,0.0003588016902
0.0005587081438,0.0003656247089
0.0005563568084,0.0003717096956
0.000553977899,0.0003844963602
0.0005514571107,0.0004017359488
0.0005487194002,0.0004108286667
0.0005457792719,0.0004230949233
0.0005426918999,0.0004361028438
0.0005394649204,0.0004545363893
0.0005360423093,0.0004705789603
0.0005560486751,0.0003267378828
0.000542171506,0.0002931654902
0.000539266896,0.0002979881284
0.0005371950194,0.0003018445397
0.0005350301707,0.0003055624113
0.0005325168237,0.0003125150107
0.0005298419811,0.0003178516683
0.0005270796995,0.0003272809142
0.0005241146921,0.000333169693
0.0005209740293,0.0003417056022
0.0005175898584,0.0003511404272
0.0005139071132,0.0003615439847
0.0005099400234,0.0003734969958
0.000505665287,0.0003862723267
0.000501089063,0.0003991704898
0.0004962199331,0.0004134641761
0.000491031256,0.0004253752758
0.0004855053607,0.00043923455
0.0004796553891,0.000452896728
0.0004734986065,0.0004632956949
0.0004670319555,0.0004736085231
0.0004602676546,0.0004841412608
0.000453222173,0.0004947223343
0.0004459019229,0.0005053353696
0.0004383174942,0.0005147064936
0.0004304901532,0.0005231827728
0.0004224310429,0.0005310549728
0.0004141588497,0.0005386084217
0.0004056789962,0.0005447251176
0.0003969956298,0.0005487080639
0.0003881216526,0.000551093547
0.0003790883721,0.0005532102962
0.0003699266847,0.0005559595206
0.00036065338,0.0005571993472
0.0003512858606,0.0005567807598
0.0003498007749,0.0004237077797
0.0003419826935,0.0004323639992
0.0003340784645,0.0004414781492
0.0003260434207,0.0004506159566
0.0003178586689,0.0004590269979
0.000309518333,0.0004672452208
0.0003010346626,0.0004751777004
0.0002924213347,0.0004818923595
0.0002836767643,0.000488535151
0.0002748365234,0.0004945483357
0.0002658939358,0.0004997719648
0.0002568838522,0.0005040804128
0.0002478350031,0.0005078295013
0.0002387664459,0.000511172378
0.0002297035232,0.0005135140699
0.0002206667922,0.0005153646205
0.0002116777004,0.0005164983742
0.0002027461722,0.0005163966334
0.0001938904641,0.0005159263358
0.0001851347689,0.0005151950989
0.0001765066938,0.0005136914939
0.0001680241644,0.0005115673611
0.0001597107849,0.0005080207428
0.0001515894046,0.0005052114103
0.0001436896907,0.0005021701385
0.0001360177129,0.0004989011245
0.0001285967418,0.0004946780001
0.0001214470498,0.0004902349832
0.0001146041467,0.0004859622686
0.0001080833275,0.0004814854687
0.0001018977669,0.0004770047478
9.606930935e-05,0.0004727566694
9.060922801e-05,0.0004685011118
8.556154001e-05,0.0004641823923
8.447011527e-05,0.0004871722442
8.064527873e-05,0.0004868700305
7.780713946e-05,0.0004869130177
7.580427084e-05,0.0004862739419
7.464315038e-05,0.0004856132213
7.432395755e-05,0.0004840788173
7.47997785e-05,0.0004823148845
7.60710621e-05,0.0004804446375
7.802993861e-05,0.000477053014
8.057266188e-05,0.0004747411783
8.359805636e-05,0.0004702789516
8.702449207e-05,0.0004673374264
9.076604673e-05,0.0004627059179
9.475639636e-05,0.0004586356967
9.8943357e-05,0.0004546025524
0.000103269729,0.0004502159978
0.000107695079,0.0004462482689
0.0001121829746,0.0004419681485
0.0001167008538,0.0004371769566
0.0001212654189,0.0004313581965
0.0001258377341,0.000426886937
0.0001304141374,0.00042140418
0.0001349814824,0.0004165414132
0.0001395370801,0.0004110542843
0.0001440847752,0.0004055772797
0.0001486095809,0.0003993542949
0.0001531152349,0.0003927162137
0.0001576020809,0.000386264072
0.0001620679514,0.0003793796979
0.0001665101501,0.0003723308114
0.0001709276286,0.0003648858492
0.000175319418,0.0003577383312
0.0001796907238,0.0003502105153
0.0001840486436,0.0003417086112
0.0001938901137,0.0004279914158
0.0001990760919,0.0004224940643
0.0002043594082,0.0004173607097
0.000209672442,0.0004112697246
0.000214913417,0.0004052665063
0.0002201299517,0.0003989932096
0.0002253056588,0.0003936989358
0.0002304521123,0.0003872781696
0.0002355415047,0.0003817268531
0.0002405668945,0.0003749897417
0.0002455644636,0.0003680342234
0.0002505178079,0.0003608383816
0.0002554239946,0.0003532641478
0.0002602977259,0.0003454024046
0.0002651333706,0.0003375843919
0.000269921411,0.0003299441128
0.0002746585784,0.0003223681621
0.0002793444149,0.0003149577434
0.0002839822863,0.0003060521403
0.0002885721815,0.0002959281014
0.0002931188772,0.0002850558353
0.0002976282841,0.000274100673
0.0003020989107,0.0002637120846
0.0003065198184,0.0002533616937
0.0003108815977,0.0002430657234
0.0003151801825,0.0002323556246
0.000319410056,0.0002210363026
0.0003235716015,0.000210159356
0.0003276637743,0.0001990994103
0.0003316829398,0.0001866813297
0.0003356257735,0.0001739360181
0.0003394881481,0.0001615167091
0.0003432673016,0.0001493254491
0.0003469605035,0.0001375350324
0.0003565314413,0.000298287234
0.0003610011278,0.0002890839743
0.0003654021598,0.0002796442985
0.0003697322152,0.0002705759854
0.0003739403292,0.0002607883667
0.0003780531636,0.0002511825278
0.0003820545446,0.0002412144384
0.0003859581059,0.0002310041824
0.0003897688236,0.0002205583876
0.000393487732,0.0002098642054
0.0003971155936,0.0001988059628
0.0004006496615,0.0001878921157
0.0004040810977,0.0001768050053
0.000407407395,0.0001653559418
0.0004106285373,0.0001539744064
0.0004137430651,0.0001423853568
0.0004167447894,0.0001308641638
0.0004196308198,0.0001191599396
0.0004223936744,0.0001071513257
0.0004250374749,9.564666314e-05
0.0004275631354,8.397239244e-05
0.0004299682654,7.279939057e-05
0.0004322520497,6.172745071e-05
0.0004344137176,5.113171866e-05
0.0004364530161,4.140209356e-05
0.0004383710882,3.350758829e-05
0.0004401663926,2.894326478e-05
0.0004418377042,2.943785847e-05
0.000443384403,3.438349057e-05
0.0004448052891,4.256811732e-05
0.0004460996471,5.219353765e-05
0.0004472663416,6.269715355e-05
0.0004483063896,7.363766835e-05
0.0004492204229,8.475616976e-05
0.0004543513951,0.0001152998933
0.0004560911605,0.000103940446
0.0004577625316,9.244544332e-05
0.0004592922082,8.110487663e-05
0.0004607030548,7.00631958e-05
0.0004619856351,5.897296445e-05
0.0004631478535,4.818007686e-05
0.0004641877724,3.782924858e-05
0.000465102101,2.868200503e-05
0.0004658903153,2.166773519e-05
0.0004665521376,2.03668024e-05
0.0004670865416,2.501965693e-05
0.0004674911328,3.330048136e-05
0.0004677666726,4.324737134e-05
0.0004679146074,5.394306499e-05
0.0004679355323,6.479174243e-05
0.0004678301886,7.570458362e-05
0.0004675988727,8.670134339e-05
0.0004672421935,9.777035152e-05
0.0004667606767,0.0001089416834
0.0004661546645,0.0001199886444
0.000465423992,0.000130668736
0.0004645676374,0.0001412939125
0.0004635886458,0.0001519443843
0.0004624884383,0.0001623850942
0.0004612681706,0.0001725377566
0.0004599287504,0.0001827077097
0.0004584704596,0.0001928446594
0.000456887754,0.0002039473104
0.0004551191252,0.000213175566
0.0004532377662,0.0002231239568
0.0004512414099,0.0002318121304
0.0004491268717,0.0002418068419
0.0004468963604,0.0002501611033
0.0004456030523,8.059864125e-05
0.0004441982323,9.096821238e-05
0.0004426823471,0.0001015876358
0.0004410790127,0.0001121572174
0.0004393786967,0.0001225242844
0.0004375745119,0.0001331845274
0.0004356553429,0.0001435655754
0.0004336189678,0.0001536755937
0.0004314466965,0.0001637772447
0.00042914562,0.0001737705629
0.0004267326271,0.0001835239873
0.0004242103028,0.0001933166744
0.0004214987597,0.000204061528
0.0004185264367,0.0002130816065
0.0004154999568,0.0002219660245
0.0004123921193,0.0002309971314
0.0004091941893,0.000239958516
0.0004059135586,0.0002481503299
0.0004025569199,0.0002564852821
0.0003991186609,0.0002653511812
0.000395585662,0.0002732374654
0.0003919685535,0.0002814252221
0.0003882688015,0.0002894150553
0.0003844825114,0.0002970832602
0.0003806034127,0.0003038336787
0.0003766412171,0.0003108659045
0.000372600793,0.0003180366305
0.0003684765146,0.0003248440252
0.000364273764,0.0003313828576
0.000360001407,0.0003376428334
0.000355653978,0.0003436440034
0.000351230402,0.0003496148443
0.000346721586,0.0003564650817
0.0003420242031,0.0003630442757
0.0003427696887,0.0002411628613
0.000338426345,0.000247232164
0.0003344544717,0.0002552958886
0.0003297042212,0.0002628994857
0.0003251798837,0.0002709333676
0.0003207443101,0.000277643141
0.0003162658005,0.0002860871098
0.0003117186849,0.0002925880828
0.0003071360979,0.0002991687573
0.0003025169931,0.000306051624
0.0002978447378,0.0003123908688
0.0002931057721,0.0003184661632
0.0002883119194,0.0003247882636
0.0002834603534,0.0003308153291
0.0002785374495,0.0003359915189
0.0002735534338,0.0003408258835
0.0002685198703,0.00034596172
0.000263408924,0.0003514158761
0.0002580209152,0.0003566568983
0.0002523842644,0.0003610808065
0.0002465955195,0.000364560707
0.0002406828011,0.0003690693285
0.0002346429431,0.0003719599308
0.0002284514415,0.0003743068035
0.0002221228576,0.0003756313949
0.0002157038407,0.00037637391
0.0002092443427,0.000376729331
0.0002027753914,0.0003773279444
0.0001963432977,0.0003778048316
0.0001899608987,0.0003778919544
0.0001836230381,0.00037665625
0.0001773442083,0.0003756691328
0.0001711413136,0.000375157764
0.0001650185379,0.0003750731652
0.0001700366752,0.0004326720157
0.000184778966,0.0003533150067
0.0001728341694,0.0003514035772
0.0001638928612,0.0003596616977
0.0001539418206,0.0003564510075
0.0001462237928,0.0003585699618
0.0001402584128,0.000361027182
0.0001343624538,0.0003642998265
0.0001280538938,0.0003674601492
0.0001214288344,0.0003681277514
0.0001147801628,0.0003680532954
0.0001079835748,0.000370152812
0.0001011893601,0.0003704225895
9.447988668e-05,0.0003725102458
8.784116349e-05,0.0003749181979
8.119540354e-05,0.0003723709459
7.4696896e-05,0.0003689368749
6.836900905e-05,0.0003663450278
6.210217247e-05,0.0003641060603
5.593557085e-05,0.0003625293674
4.988680221e-05,0.0003598678998
4.405532487e-05,0.0003583146314
3.852141855e-05,0.0003577746963
3.324678969e-05,0.0003580611391
2.819839898e-05,0.0003591279923
2.332265506e-05,0.0003556777579
1.872522162e-05,0.0003524161831
1.467599032e-05,0.0003505533346
1.150726273e-05,0.0003454396782
1.026527064e-05,0.0003424992087
1.165550947e-05,0.00033512547
1.503380503e-05,0.0003270935906
1.947693595e-05,0.0003239507492
2.431837366e-05,0.0003217152342
2.92438525e-05,0.0003191512517
4.06877655e-05,0.0003512537022
4.277780181e-05,0.000349206756
4.645840729e-05,0.0003494873982
5.069984477e-05,0.0003464923096
5.542820959e-05,0.0003451739562
6.036651859e-05,0.0003434379407
6.529871758e-05,0.0003412815152
7.018489873e-05,0.0003394181707
7.505354841e-05,0.000336597361
7.992507955e-05,0.0003335559855
8.476969294e-05,0.0003301884355
8.95962709e-05,0.0003270692596
9.440345299e-05,0.0003241951074
9.918586327e-05,0.0003205271919
0.0001039449524,0.0003160251103
0.000108682492,0.0003108354921
0.0001134041618,0.0003059881303
0.0001181096438,0.0003009821312
0.0001227943036,0.0002958493149
0.0001274445512,0.0002900361552
0.0001320488504,0.0002839063478
0.0001366056197,0.0002778923406
0.0001411195076,0.0002721546418
0.000145594225,0.0002657147776
0.0001500292556,0.0002588064733
0.000154421652,0.0002522239145
0.0001587658667,0.0002455264643
0.000163057631,0.000238467365
0.0001672960188,0.0002311658407
0.0001714859714,0.0002231876075
0.0001756287345,0.0002149309944
0.0001797160239,0.0002068065647
0.0001837401912,0.0001987728442
0.0001876976131,0.0001901609064
0.0001955602619,0.0002892729915
0.0002000166441,0.0002839627487
0.0002044099924,0.0002791006992
0.0002087054636,0.0002733863501
0.0002129512799,0.0002674612598
0.000217152773,0.0002614796039
0.0002213058962,0.0002552412799
0.0002254044122,0.0002489850376
0.000229438237,0.0002422798502
0.0002334088216,0.0002356814141
0.0002373143744,0.0002286751442
0.0002411530127,0.0002214907574
0.000244919149,0.0002141132542
0.0002485975524,0.0002065619903
0.0002521884781,0.0001987835219
0.0002556963111,0.0001908156054
0.0002591232944,0.0001827084978
0.0002624717045,0.0001746396743
0.0002657406434,0.0001661896403
0.0002689310877,0.0001576767579
0.0002720418181,0.0001492216261
0.0002750727981,0.0001406784299
0.0002780233191,0.0001320070067
0.0002808930129,0.0001230494775
0.0002836817483,0.000114044301
0.0002863873932,0.0001050055935
0.0002890082296,9.581037249e-05
0.0002915428592,8.660519277e-05
0.0002939896531,7.742452257e-05
0.0002963481564,6.828685146e-05
0.000298618661,5.912061202e-05
0.0003007996882,5.001145617e-05
0.0003028878038,4.116136654e-05
0.0003048825613,3.273701044e-05
0.0003110544772,0.0001685288223
0.0003137081451,0.0001603397254
0.0003162748779,0.0001521998309
0.0003187129138,0.0001441057232
0.0003210357909,0.000135639413
0.0003232536083,0.00012715071
0.0003253782581,0.000118719422
0.0003274199731,0.0001102531173
0.0003293810871,0.0001014149543
0.0003312614772,9.26616236e-05
0.0003330581026,8.394066009e-05
0.0003347685848,7.5125368e-05
0.0003363916657,6.628859594e-05
0.0003379259328,5.738299686e-05
0.0003393688865,4.852946512e-05
0.0003407191301,3.973014938e-05
0.0003419766081,3.112335485e-05
0.0003431414159,2.293652235e-05
0.0003442135261,1.590196584e-05
0.0003451930563,1.199943132e-05
0.0003460795052,1.398994456e-05
0.0003468727645,2.03623158e-05
0.0003475729619,2.832887014e-05
0.0003481799208,3.685028695e-05
0.000348693529,4.555156969e-05
0.0003491140072,5.429788978e-05
0.0003494415179,6.302820397e-05
0.0003496761064,7.181510185e-05
0.0003498179816,8.059694411e-05
0.0003498673616,8.924007818e-05
0.0003498243694,9.776447676e-05
0.0003496894032,0.000106268799
0.0003494630103,0.0001147356699
0.0003491455991,0.0001230931216
0.0003503391979,2.206403448e-05
0.0003506416531,1.432529327e-05
0.0003508521573,9.099873635e-06
0.0003509699584,1.042132819e-05
0.0003509949764,1.712247379e-05
0.0003509271808,2.517418644e-05
0.0003507666626,3.348748731e-05
0.0003505136006,4.196825033e-05
0.000350168216,5.053838661e-05
0.0003497307565,5.908343695e-05
0.0003492015174,6.756985933e-05
0.0003485806868,7.600213362e-05
0.0003478684287,8.441045404e-05
0.0003470653989,9.27502126e-05
0.0003461711771,0.0001010270578
0.0003451756485,0.0001092233441
0.0003440645685,0.0001173349487
0.0003428495373,0.0001253337535
0.0003415433905,0.0001332331456
0.0003401416905,0.0001410233784
0.0003386382864,0.0001487060912
0.0003370448738,0.0001562530468
0.0003353682859,0.0001636701592
0.0003336122763,0.0001709851626
0.0003317789218,0.000178167909
0.0003298687755,0.0001851799002
0.0003278820871,0.0001920481348
0.0003258191607,0.0001987794552
0.000323679651,0.0002053642048
0.0003214632582,0.0002117718378
0.0003191677586,0.000217991467
0.0003167927611,0.0002240673615
0.0003143409892,0.0002299932897
0.0003118138335,0.0002357140367
0.0003106703015,0.0001196717845
0.0003087533367,0.0001273022342
0.0003067278761,0.0001348289819
0.0003045507811,0.0001422495592
0.0003022942862,0.0001495623908
0.0002999384433,0.0001567491582
0.0002975116504,0.0001638087263
0.0002950249968,0.0001707426831
0.0002924794003,0.0001775241434
0.0002898722463,0.0001841734034
0.0002871995979,0.0001906829139
0.000284459995,0.0001970374531
0.000281651469,0.0002032448425
0.0002787709594,0.0002092919321
0.0002758209154,0.0002151679313
0.0002728031709,0.0002208706845
0.0002697204737,0.0002264110531
0.0002665739766,0.0002317489191
0.0002633620933,0.0002369417763
0.0002600732787,0.0002419313927
0.0002567059654,0.0002467270973
0.0002532650551,0.0002513241103
0.0002497573337,0.00025572079
0.0002461887185,0.0002599304534
0.0002425624399,0.0002639484393
0.000238881277,0.000267742023
0.0002351486498,0.000271328938
0.0002313681646,0.0002746943029
0.0002275429585,0.0002778490211
0.0002236758474,0.0002807933391
0.0002197689917,0.000283499399
0.0002158237631,0.0002860021015
0.0002118415776,0.0002882692887
0.0002078234884,0.0002903125388
0.0002064930868,0.0002226535995
0.0002028492892,0.000227644607
0.0001990961427,0.0002324548341
0.0001952894021,0.0002371002438
0.0001914711234,0.0002415460277
0.0001876360959,0.0002458099012
0.0001837714345,0.0002498580976
0.0001798705271,0.0002537411082
0.0001759270766,0.00025740433
0.0001719417748,0.0002608744837
0.0001679178282,0.0002641381359
0.0001638580711,0.0002671911519
0.0001597606377,0.0002700444189
0.0001556135182,0.0002726722939
0.0001514202237,0.0002750939705
0.0001471884494,0.0002772799864
0.0001429255476,0.0002792569783
0.0001386354696,0.0002810129651
0.0001343214506,0.0002825743481
0.0001299872492,0.0002839028982
0.0001256359027,0.0002849940307
0.0001212700613,0.0002858722766
0.0001168917618,0.0002865229403
0.0001125022961,0.0002869525085
0.0001081032048,0.0002871492041
0.0001036955136,0.0002871242003
9.927995645e-05,0.0002868604826
9.485601187e-05,0.0002863894029
9.04264021e-05,0.0002856827683
8.59939863e-05,0.0002847500191
8.156148116e-05,0.0002835859389
7.713129037e-05,0.0002822049683
7.270544656e-05,0.0002806067634
6.828591995e-05,0.0002788086364
6.50685686e-05,0.0002703729058
6.070523746e-05,0.0002718655624
5.633134374e-05,0.0002731311962
5.196453086e-05,0.0002741956131
4.760723624e-05,0.0002750596298
4.325334056e-05,0.0002757039647
3.889971725e-05,0.0002761252882
3.454665098e-05,0.0002763122654
3.019806711e-05,0.0002762975394
2.585989422e-05,0.0002760642141
2.153969184e-05,0.0002756497085
1.725178079e-05,0.0002749502186
1.302674413e-05,0.000274085938
8.948841802e-06,0.0002729493799
5.34973725e-06,0.0002716392414
3.887660806e-06,0.0002701084838
6.279528895e-06,0.0002683624099
1.005827227e-05,0.0002664346435
1.413795075e-05,0.0002642735596
1.830544214e-05,0.0002619115059
2.250017735e-05,0.0002593261406
2.669832876e-05,0.0002565423633
3.088826614e-05,0.0002535510167
3.506311046e-05,0.0002503654009
3.921825653e-05,0.0002469875121
4.335075978e-05,0.0002433024849
4.74582887e-05,0.0002394946109
5.15379402e-05,0.0002355581959
5.558788404e-05,0.0002314069686
5.960599804e-05,0.0002270005695
6.359086375e-05,0.0002224203204
6.75407533e-05,0.0002177121466
7.145416861e-05,0.000212903434
7.532963117e-05,0.0002079178453
7.916595226e-05,0.0002027635493
8.415186603e-05,0.0002544396201
8.818842603e-05,0.0002521662026
9.219401035e-05,0.0002496673767
9.617290895e-05,0.000246977931
0.0001001154139,0.0002441088905
0.0001040224147,0.000241031046
0.0001078929022,0.0002377932371
0.0001117240008,0.0002343558079
0.0001155177675,0.0002307383075
0.0001192731767,0.0002269010056
0.0001229901037,0.0002228739096
0.0001266674725,0.0002186810318
0.0001303022323,0.0002143142792
0.0001338921711,0.0002097660585
0.0001374372308,0.0002049896988
0.0001409370998,0.0002001626892
0.0001443888957,0.0001952624692
0.0001477914969,0.0001901079509
0.0001511443735,0.0001847880132
0.0001544463049,0.0001791915105
0.0001576955322,0.0001735620741
0.0001608913353,0.000167818722
0.0001640326913,0.0001619200973
0.0001671185448,0.0001557916773
0.0001701484604,0.0001496820065
0.0001731216468,0.0001434888151
0.0001760373545,0.0001371123001
0.0001788946369,0.0001306890724
0.0001816929395,0.0001240996209
0.0001844315521,0.0001174100477
0.0001871094589,0.0001106275351
0.0001897258408,0.0001038012288
0.000192280036,9.688187083e-05
0.0001947713307,8.986534385e-05
0.0001994982796,0.0001833018834
0.0002023975003,0.0001781877226
0.000205223232,0.000172908378
0.000207993829,0.0001674162607
0.0002107085665,0.0001618665489
0.0002133614844,0.0001562122954
0.0002159431116,0.0001505130378
0.0002184616263,0.0001446402482
0.0002209189289,0.0001385560248
0.0002233077361,0.0001322994346
0.0002256293129,0.0001260531803
0.000227885821,0.0001196840664
0.0002300781634,0.000113322062
0.0002322050137,0.0001068429071
0.0002342660565,0.0001002930163
0.0002362614474,9.362059163e-05
0.0002381912545,8.686012474e-05
0.000240055212,8.008053199e-05
0.0002418522696,7.322808545e-05
0.0002435811162,6.628586265e-05
0.0002452403023,5.928650645e-05
0.0002468297113,5.222385999e-05
0.0002483493411,4.516372457e-05
0.0002497990542,3.809279991e-05
0.0002511785424,3.096388204e-05
0.0002524875876,2.379629086e-05
0.0002537258712,1.66124748e-05
0.0002548929364,9.443139106e-06
0.0002559885263,2.38757449e-06
0.0002570121889,5.015205218e-06
0.0002579635329,1.223138469e-05
0.0002588424701,1.947434228e-05
0.000259648895,2.666141407e-05
0.0002603828084,3.381741845e-05
0.0002627715526,7.759468253e-05
0.0002639880335,7.095902933e-05
0.0002651345979,6.425068027e-05
0.0002662003621,5.749395594e-05
0.0002671891308,5.071031271e-05
0.0002681071531,4.389624087e-05
0.0002689555557,3.708646083e-05
0.000269734187,3.025475474e-05
0.0002704424624,2.336235672e-05
0.0002710798827,1.645197017e-05
0.0002716458974,9.525284542e-06
0.0002721397829,2.628009275e-06
0.0002725614711,4.365194316e-06
0.0002729109089,1.127536775e-05
0.000273188016,1.821166726e-05
0.0002733927339,2.513943384e-05
0.0002735250378,3.205225187e-05
0.0002735849816,3.892019401e-05
0.0002735726035,4.575118241e-05
0.0002734879853,5.255574974e-05
0.000273331267,5.932472644e-05
0.000273102626,6.603849407e-05
0.0002728022766,7.269527459e-05
0.000272430472,7.928896777e-05
0.0002719874837,8.583273596e-05
0.0002714735795,9.230310216e-05
0.0002708889993,9.869559576e-05
0.0002702341316,0.0001050103321
0.0002695100506,0.0001112392955
0.0002687176464,0.0001173572529
0.0002678578786,0.0001234091456
0.0002669319031,0.0001293542869
0.0002659409519,0.000135189575
0.0002648854051,0.0001409168933
0.0002641270594,3.696667516e-05
0.0002635213016,4.354540121e-05
0.0002628459852,5.008283067e-05
0.000262097688,5.659012747e-05
0.0002612648973,6.305517314e-05
0.0002603617216,6.94691722e-05
0.0002593918458,7.581675862e-05
0.0002583568014,8.21031322e-05
0.000257256966,8.83315406e-05
0.0002560925084,9.448473185e-05
0.0002548621617,0.0001005659138
0.0002535651551,0.000106567544
0.0002522028478,0.0001124570543
0.0002507699792,0.0001182764628
0.0002492650859,0.000124001761
0.0002476930927,0.0001296262685
0.0002460572209,0.0001351469396
0.0002443594608,0.000140560682
0.0002425991302,0.0001458627661
0.0002407725445,0.0001510530458
0.0002388827146,0.000156120465
0.0002369315832,0.0001610627383
0.0002349216291,0.0001658726431
0.0002328542279,0.0001705520223
0.0002307300642,0.0001750952419
0.0002285505848,0.0001795025562
0.00022631782,0.0001837624021
0.00022403345,0.0001878764081
0.0002216984014,0.0001918396361
0.0002193130058,0.0001956525202
0.00021687622,0.0001993105703
0.0002143897695,0.000202809696
0.0002118557278,0.0002061460101
0.0002092758958,0.000209314758
0.0002078420708,0.0001348677083
0.0002056225268,0.0001399552385
0.0002033782872,0.0001449482831
0.0002010949993,0.0001498275781
0.0001987612082,0.0001545948869
0.0001963735706,0.0001592284822
0.0001939200669,0.0001637353228
0.0001914130972,0.0001681157266
0.0001888595684,0.0001723683236
0.0001862547166,0.0001764770932
0.0001835985949,0.000180452365
0.0001808958884,0.0001842750455
0.0001781500813,0.000187952359
0.0001753621009,0.00019148106
0.0001725338114,0.0001948591404
0.0001696677755,0.0001980823497
0.0001667653567,0.0002011449827
0.0001638263588,0.0002040510213
0.0001608499208,0.0002067910425
0.0001578384877,0.000209370346
0.000154794333,0.000211779141
0.0001517190139,0.0002140268333
0.0001486129093,0.0002161041807
0.0001454763972,0.0002180049003
0.0001423116866,0.000219734243
0.0001391204764,0.0002212894601
0.0001359040758,0.0002226685074
0.0001326637385,0.0002238866268
0.0001293942116,0.0002248496599
0.000126101013,0.000225761589
0.0001227911032,0.0002263299878
0.0001194654438,0.000226908003
0.0001161247288,0.0002272133848
0.0001127717349,0.0002273159319
0.0001104595148,0.0001961051801
0.0001073050627,0.0001987514051
0.0001041419511,0.0002012446752
0.0001009517432,0.0002035774965
9.772701931e-05,0.0002057507944
9.447255752e-05,0.0002077520099
9.119759787e-05,0.0002096024306
8.789824323e-05,0.000211273514
8.457853793e-05,0.0002127818641
8.124224477e-05,0.0002141195512
7.789078659e-05,0.0002152911403
7.452615746e-05,0.0002162997332
7.11503286e-05,0.0002171268868
6.776396425e-05,0.0002177919904
6.436698927e-05,0.0002182719617
6.096149634e-05,0.0002185842737
5.754944997e-05,0.0002187205231
5.413225716e-05,0.0002186805744
5.071075773e-05,0.0002184669544
4.728648788e-05,0.0002180837386
4.386122191e-05,0.0002175278937
4.043657024e-05,0.0002168042227
3.701401363e-05,0.0002159096279
3.359522643e-05,0.0002148400126
3.018214208e-05,0.000213597205
2.677683561e-05,0.0002121836179
2.338178005e-05,0.0002106009496
2.000010949e-05,0.0002088562126
1.663633093e-05,0.0002069477654
1.329811204e-05,0.0002048720057
1.000137047e-05,0.000202632432
6.789857306e-06,0.0002001571638
3.846845825e-06,0.000197600089
2.408881856e-06,0.0001949010711
4.40806413e-06,0.0002103613592
7.411804077e-06,0.0002101921182
1.063256259e-05,0.0002098412978
1.390561945e-05,0.0002093107256
1.719479063e-05,0.0002086269522
2.048649087e-05,0.0002077668234
2.377598453e-05,0.0002067513388
2.706013052e-05,0.000205570719
3.033632838e-05,0.0002042228867
3.360236669e-05,0.0002027136137
3.685583511e-05,0.000201046095
4.009456768e-05,0.0001992176646
4.331723825e-05,0.0001972332268
4.652253322e-05,0.0001950923715
4.97093226e-05,0.0001927928267
5.287583307e-05,0.0001902927253
5.602002299e-05,0.0001876617503
5.913815097e-05,0.0001849320979
6.222867792e-05,0.0001820285733
6.529082502e-05,0.0001789949221
6.832414292e-05,0.000175814349
7.132784142e-05,0.00017249286
7.430102894e-05,0.0001690307137
7.724243874e-05,0.0001654349706
8.015135568e-05,0.000161699856
8.302709886e-05,0.0001578578659
8.586882475e-05,0.0001538831547
8.867576731e-05,0.0001497804438
9.144716058e-05,0.000145564042
9.418216659e-05,0.0001412343293
9.68798981e-05,0.0001367929947
9.95393147e-05,0.0001322384442
0.0001021595226,0.000127567618
0.0001047396436,0.0001228026009
0.0001084687287,0.0002409481597
0.0001112811011,0.0001753720578
0.0001140688522,0.0001724491319
0.0001168176668,0.0001693986485
0.0001195144586,0.0001661638955
0.0001221673116,0.0001628176259
0.0001247795139,0.0001593858331
0.0001273583178,0.0001558069696
0.0001299046024,0.0001521138154
0.0001324172162,0.0001483029716
0.0001348942745,0.0001443673145
0.0001373339926,0.0001403092188
0.0001397343097,0.0001361460946
0.0001420928624,0.0001318659096
0.0001444087546,0.0001274975126
0.0001466816102,0.0001230224401
0.0001489105699,0.0001184447634
0.000151095186,0.0001137724812
0.000153234913,0.0001090119097
0.0001553285209,0.0001041738724
0.0001573746062,9.924508713e-05
0.0001593722204,9.424101722e-05
0.0001613177778,8.916139499e-05
0.0001632107293,8.40106169e-05
0.0001650508096,7.878765683e-05
0.0001668381146,7.351029441e-05
0.0001685726239,6.816840037e-05
0.0001702544132,6.277255399e-05
0.0001718833929,5.732885777e-05
0.0001734593733,5.183654768e-05
0.0001749821738,4.630390328e-05
0.000176451559,4.073942511e-05
0.0001778670342,3.51445812e-05
0.0001792282213,2.952233272e-05
0.000180534916,2.387043166e-05
0.0001834315707,0.0001051828152
0.0001850996446,0.0001005265112
0.0001867181184,9.579757689e-05
0.0001882836379,9.098255464e-05
0.0001897840311,8.610008568e-05
0.0001912223997,8.114764658e-05
0.0001926078985,7.612709702e-05
0.000193935496,7.1049722e-05
0.0001952072139,6.591657345e-05
0.0001964262692,6.072789358e-05
0.000197593704,5.549946843e-05
0.0001987095754,5.022351313e-05
0.0001997735383,4.490375582e-05
0.0002007851148,3.955093634e-05
0.0002017437773,3.416631512e-05
0.000202649,2.875544283e-05
0.0002035001968,2.332085455e-05
0.0002042968309,1.786831111e-05
0.0002050385592,1.24006844e-05
0.000205725075,6.925876589e-06
0.0002063560913,1.451367264e-06
0.0002069313663,4.045457997e-06
0.0002074506442,9.528463853e-06
0.0002079137094,1.500579201e-05
0.0002083204599,2.046981527e-05
0.0002086708132,2.591750294e-05
0.0002089647191,3.134582653e-05
0.0002092021661,3.674947861e-05
0.000209383167,4.212090396e-05
0.0002095077571,4.745773721e-05
0.0002095760087,5.275822064e-05
0.0002095880303,5.801596613e-05
0.0002095439586,6.322805018e-05
0.0002094439519,6.83914424e-05
0.0002101941794,1.755137865e-05
0.0002104637144,1.229046865e-05
0.0002106774862,7.018940198e-06
0.0002108354068,1.747696786e-06
0.0002109374267,3.538374205e-06
0.0002109835252,8.812682031e-06
0.000210973708,1.408070919e-05
0.0002109080081,1.933646748e-05
0.0002107864848,2.457692672e-05
0.0002106092241,2.979813413e-05
0.0002103763385,3.499624302e-05
0.000210087967,4.016539458e-05
0.000209744275,4.530315673e-05
0.0002093454542,5.040595329e-05
0.0002088917222,5.546819799e-05
0.0002083833231,6.048542029e-05
0.0002078205266,6.545447616e-05
0.0002072036279,7.037178312e-05
0.0002065325301,7.523289069e-05
0.0002058072845,8.003330283e-05
0.0002050259006,8.476998189e-05
0.0002041840818,8.943870172e-05
0.0002032807016,9.4035775e-05
0.0002023210302,9.855980796e-05
0.0002013091108,0.0001030060152
0.0002002455429,0.0001073699227
0.0001991252307,0.0001116471
0.0001979518659,0.0001158363255
0.0001967287398,0.0001199336919
0.0001954580431,0.0001239341832
0.0001941412731,0.0001278362962
0.0001927795161,0.000131636485
0.00019137362,0.0001353319244
0.0001899242981,0.0001389198216
0.0001891348291,6.73720811e-05
0.0001880518942,7.205134032e-05
0.0001869190083,7.667312345e-05
0.0001857345696,8.123451597e-05
0.0001844889077,8.573031395e-05
0.0001831787165,9.015831721e-05
0.0001818179865,9.451451422e-05
0.0001804108964,9.879561668e-05
0.0001789498433,0.0001029977982
0.0001774412642,0.0001071184612
0.0001758896072,0.00011115322
0.0001742969952,0.0001150998468
0.0001726645082,0.0001189550376
0.0001709927765,0.0001227152235
0.0001692821742,0.0001263779574
0.0001675326103,0.0001299405475
0.0001657446238,0.0001333990315
0.0001639184547,0.0001367514868
0.0001620542129,0.0001399952626
0.0001601516312,0.0001431278153
0.000158210768,0.000146146436
0.0001562326265,0.0001490491011
0.000154218608,0.0001518330902
0.000152169536,0.000154496311
0.0001500865236,0.0001570367522
0.0001479707906,0.0001594522176
0.0001458233116,0.0001617413862
0.0001436441849,0.0001639013089
0.0001414341275,0.0001659312787
0.0001391920859,0.0001678294502
0.0001369170364,0.0001695940055
0.000134610566,0.00017122389
0.000132274609,0.0001727180617
0.0001299110985,0.0001740743892
0.0001284295698,0.0001313300978
0.0001263288793,0.0001344576725
0.0001241706259,0.0001374785935
0.0001219649999,0.0001403902427
0.0001197294049,0.0001431899682
0.0001174601321,0.0001458759879
0.0001151678249,0.0001484460122
0.0001128545405,0.0001508982998
0.0001105202906,0.0001532300704
0.0001081644426,0.0001554406635
0.0001057867477,0.0001575272279
0.0001033870866,0.0001594886443
0.0001009652485,0.0001613237551
9.852085134e-05,0.0001630301163
9.605494148e-05,0.0001646075294
9.356905893e-05,0.0001660535874
9.106423735e-05,0.0001673680292
8.854182541e-05,0.0001685493237
8.600295049e-05,0.0001695967005
8.344793193e-05,0.0001705094582
8.087753041e-05,0.0001712871112
7.829044418e-05,0.0001719280422
7.568771851e-05,0.0001724330674
7.307125203e-05,0.000172800827
7.044303527e-05,0.0001730316732
6.780500304e-05,0.0001731243764
6.515878337e-05,0.000173080327
6.250588987e-05,0.0001728986156
5.9847398e-05,0.0001725794666
5.718455986e-05,0.0001721237854
5.451876156e-05,0.0001715311474
5.18512898e-05,0.0001708022743
4.91833733e-05,0.0001699379752
4.651619443e-05,0.000168938644
4.430632823e-05,0.0001620642593
4.172437273e-05,0.0001630813685
3.911914627e-05,0.0001639679897
3.650694665e-05,0.0001647249975
3.388706728e-05,0.0001653507404
3.126468734e-05,0.0001658461311
2.864110043e-05,0.0001662085179
2.601664415e-05,0.0001664393315
2.339173034e-05,0.0001665384334
2.076735231e-05,0.0001665051512
1.814487748e-05,0.0001663392401
1.552635766e-05,0.0001660416964
1.291525262e-05,0.0001656119779
1.031774332e-05,0.0001650508685
7.74654857e-06,0.000164358762
5.236979904e-06,0.0001635363118
2.940410862e-06,0.0001625838254
1.893665396e-06,0.0001615027389
3.490945351e-06,0.0001602929063
5.857826837e-06,0.0001589560266
8.356190432e-06,0.0001574930254
1.088825574e-05,0.0001559049495
1.342800051e-05,0.0001541932784
1.596527004e-05,0.0001523590136
1.849487609e-05,0.0001504038341
2.101363774e-05,0.0001483296061
2.351941676e-05,0.000146137201
2.601055331e-05,0.000143829361
2.848563071e-05,0.0001414072257
3.094335979e-05,0.0001388728094
3.338259923e-05,0.0001362279054
3.580228065e-05,0.0001334751124
3.820134662e-05,0.0001306164871
4.057882923e-05,0.0001276543851
4.32552877e-05,0.000155435044
4.572017978e-05,0.0001542799156
4.817122817e-05,0.0001530022061
5.060512103e-05,0.0001516029727
5.302485833e-05,0.0001500836594
5.542949225e-05,0.0001484448774
5.781736269e-05,0.0001466886187
6.018472304e-05,0.0001448157943
6.253164187e-05,0.0001428280414
6.485860686e-05,0.0001407268326
6.716445598e-05,0.0001385140027
6.944682031e-05,0.0001361909812
7.170551116e-05,0.0001337601956
7.394021483e-05,0.0001312232515
7.615042593e-05,0.0001285820886
7.833523498e-05,0.0001258391027
8.049392718e-05,0.0001229963126
8.262602365e-05,0.0001200556265
8.473094006e-05,0.0001170198118
8.680790488e-05,0.0001138910504
8.885601492e-05,0.000110672273
9.08739766e-05,0.0001073652542
9.286095711e-05,0.0001039697967
9.481648249e-05,0.0001004845016
9.674000706e-05,9.692986791e-05
9.863097857e-05,9.329738841e-05
0.0001004887873,8.959060588e-05
0.0001023127175,8.58167123e-05
0.0001041019726,8.197617523e-05
0.0001058557012,7.806396081e-05
0.0001075734138,7.409268402e-05
0.000109254639,7.006654524e-05
0.0001108989033,6.598089841e-05
0.0001125056815,6.184443893e-05
0.0001147280506,0.0001156844152
0.0001165517547,0.0001127701521
0.0001183449468,0.0001097660441
0.0001200987397,0.0001066756798
0.0001218171355,0.0001035008734
0.0001235034805,0.0001002427357
0.0001251573991,9.690460594e-05
0.0001267768602,9.349183625e-05
0.0001283612386,9.000378198e-05
0.000129907993,8.643226227e-05
0.0001314149016,8.280376856e-05
0.0001328834253,7.910994912e-05
0.0001343140912,7.535068533e-05
0.0001357068703,7.153379922e-05
0.0001370613966,6.766423395e-05
0.0001383757248,6.374046777e-05
0.0001396493166,5.976036648e-05
0.0001408823415,5.573592268e-05
0.0001420745464,5.16704862e-05
0.0001432258014,4.756131824e-05
0.0001443359618,4.341538527e-05
0.0001454047885,3.923440926e-05
0.0001464319489,3.50218603e-05
0.0001474171347,3.077982414e-05
0.0001483600163,2.651588703e-05
0.0001492603181,2.223186183e-05
0.0001501178578,1.792957546e-05
0.0001509324475,1.361176667e-05
0.0001517039031,9.282050151e-06
0.0001524320467,4.947359144e-06
0.0001531167115,6.109075955e-07
0.0001537577417,3.732149926e-06
0.0001543549967,8.068754419e-06
0.0001549083535,1.2397946e-05
0.0001554177046,1.671830825e-05
0.0001566795562,4.997875032e-05
0.0001574715078,4.602756887e-05
0.0001582215605,4.203558948e-05
0.0001589294033,3.801446357e-05
0.0001595913118,3.396464265e-05
0.0001602082144,2.988555931e-05
0.0001607820436,2.578497652e-05
0.0001613130356,2.166651573e-05
0.0001618012534,1.752736716e-05
0.000162246574,1.337362173e-05
0.000162648829,9.212391386e-06
0.0001630078425,5.042634074e-06
0.0001633234546,8.698936146e-07
0.0001635955387,3.30531375e-06
0.0001638239939,7.476836117e-06
0.0001640087475,1.164415295e-05
0.0001641497554,1.58023987e-05
0.0001642469991,1.994586335e-05
0.0001643004865,2.407297714e-05
0.0001643102526,2.818143737e-05
0.0001642763573,3.226903262e-05
0.000164198887,3.632999659e-05
0.0001640779546,4.036154194e-05
0.0001639136988,4.436129277e-05
0.0001637062847,4.832590518e-05
0.0001634559062,5.225176557e-05
0.0001631627862,5.613631598e-05
0.000162827176,5.997547583e-05
0.0001624493583,6.376689301e-05
0.00016202965,6.750781727e-05
0.0001615684142,7.119488179e-05
0.0001610660338,7.482517488e-05
0.0001605229132,7.839640039e-05
0.0001599394111,8.190598219e-05
0.0001596445145,1.891670521e-05
0.0001593380377,2.288904842e-05
0.0001589894704,2.684279616e-05
0.000158598952,3.07751467e-05
0.0001581666489,3.468328024e-05
0.0001576927478,3.856402266e-05
0.0001571742759,4.241348284e-05
0.0001566108644,4.622931198e-05
0.0001560056768,5.000856424e-05
0.0001553597854,5.374753365e-05
0.0001546738924,5.744404989e-05
0.0001539485664,6.109477959e-05
0.0001531842097,6.469742946e-05
0.0001523811374,6.8247881e-05
0.0001515396809,7.17440397e-05
0.0001506599405,7.51831678e-05
0.0001497416375,7.856269978e-05
0.0001487853697,8.187992337e-05
0.0001477917206,8.513171991e-05
0.0001467603774,8.831587502e-05
0.0001456895252,9.14293758e-05
0.0001445806456,9.447069284e-05
0.0001434351509,9.743674086e-05
0.0001422541843,0.0001003257163
0.0001410387075,0.0001031347541
0.0001397894723,0.0001058613819
0.0001385069504,0.0001085045093
0.00013718998,0.000111060665
0.0001358394788,0.0001135286996
0.0001344565844,0.0001159066801
0.0001330420919,0.0001181924606
0.0001315970632,0.0001203841376
0.0001301224448,0.0001224803549
0.0001286189469,0.0001244795844
0.0001275876507,7.854980236e-05
0.0001263275522,8.168230372e-05
0.0001250220738,8.474977724e-05
0.0001236877072,8.774967218e-05
0.0001223249292,9.068024242e-05
0.0001209332096,9.353842503e-05
0.0001195119646,9.632224291e-05
0.0001180601298,9.902945937e-05
0.0001165787037,0.0001016580999
0.0001150657479,0.000104206282
0.0001135205702,0.0001066707738
0.0001119462263,0.0001090508377
0.0001103446104,0.0001113444505
0.0001087169148,0.0001135493492
0.0001070633993,0.0001156640756
0.0001053828371,0.0001176867383
0.0001036768276,0.0001196160481
0.0001019465101,0.0001214503329
0.0001001931553,0.0001231879741
9.841784253e-05,0.0001248277206
9.662130446e-05,0.0001263682047
9.48042016e-05,0.00012780836
9.296751701e-05,0.0001291469307
9.111226696e-05,0.0001303830949
8.923937939e-05,0.0001315160511
8.734967274e-05,0.0001325434775
8.544378122e-05,0.0001334662447
8.352229295e-05,0.0001342825931
8.158552257e-05,0.0001349928306
7.963449456e-05,0.0001355954844
7.767023344e-05,0.0001360904101
7.569370101e-05,0.0001364774677
7.370581646e-05,0.0001367558211
7.170741578e-05,0.0001369259527
7.012889117e-05,0.0001167128287
6.825412498e-05,0.000118390614
6.636668638e-05,0.0001199746228
6.446679509e-05,0.000121463295
6.255276577e-05,0.0001228552957
6.062343321e-05,0.0001241496557
5.867924061e-05,0.0001253453158
5.67183151e-05,0.0001264415105
5.474366539e-05,0.0001274374603
5.275737259e-05,0.0001283315545
5.076054137e-05,0.0001291240854
4.87526771e-05,0.0001298141655
4.673483738e-05,0.0001304013223
4.47083264e-05,0.0001308847146
4.267437068e-05,0.0001312638272
4.063396333e-05,0.0001315386829
3.858789696e-05,0.0001317090633
3.653704054e-05,0.0001317749182
3.448238716e-05,0.0001317366943
3.242485622e-05,0.0001315931183
3.036530382e-05,0.0001313452725
2.830451279e-05,0.0001309930861
2.624325285e-05,0.0001305372162
2.418230926e-05,0.0001299771207
2.212274458e-05,0.0001293141603
2.006563497e-05,0.0001285489321
1.801210413e-05,0.0001276803178
1.596338506e-05,0.0001267115749
1.392091849e-05,0.0001256414034
1.188657185e-05,0.0001244719199
9.86309183e-06,0.0001232037055
7.855277799e-06,0.0001218375323
5.87323949e-06,0.000120374733
3.945348951e-06,0.0001188161006
2.203077503e-06,0.0001267610276
1.470726483e-06,0.0001267307244
2.756500067e-06,0.0001265998384
4.598445248e-06,0.0001263679589
6.539812167e-06,0.0001260361653
8.50969852e-06,0.000125604164
1.048884424e-05,0.000125072428
1.246951897e-05,0.0001244413303
1.444829942e-05,0.00012371148
1.642309186e-05,0.0001228833851
1.839239557e-05,0.0001219577033
2.03549953e-05,0.0001209350422
2.230978356e-05,0.0001198166569
2.425581845e-05,0.0001186029703
2.619213343e-05,0.0001172949863
2.811780573e-05,0.0001158942191
3.003183154e-05,0.0001144010507
3.193332323e-05,0.0001128172829
3.382156779e-05,0.0001111440698
3.569584689e-05,0.0001093826483
3.755539747e-05,0.0001075343817
3.939953682e-05,0.0001056007791
4.12275985e-05,0.0001035830949
4.3038894e-05,0.0001014832742
4.483259795e-05,9.930380419e-05
4.660792156e-05,9.704418094e-05
4.836418295e-05,9.470812394e-05
5.010003048e-05,9.22966792e-05
5.181464636e-05,8.981195292e-05
5.350739546e-05,8.725644983e-05
5.517772131e-05,8.46316991e-05
5.68250988e-05,8.193962329e-05
5.844903443e-05,7.918227196e-05
6.004906634e-05,7.636215226e-05
6.200739084e-05,0.0001086321519
6.372793352e-05,0.0001070286261
6.543134153e-05,0.0001053398981
6.71166427e-05,0.000103567264
6.878028555e-05,0.0001017124796
7.041804683e-05,9.977758278e-05
7.203387128e-05,9.776266252e-05
7.362671888e-05,9.567042548e-05
7.519574542e-05,9.350290251e-05
7.674254596e-05,9.126034476e-05
7.826743949e-05,8.894554745e-05
7.977019054e-05,8.656064573e-05
8.125032801e-05,8.410662552e-05
8.270728394e-05,8.158578012e-05
8.414036808e-05,7.900059562e-05
8.554888098e-05,7.6352607e-05
8.693228151e-05,7.364380508e-05
8.828995516e-05,7.087693403e-05
8.962120389e-05,6.805362702e-05
9.092549223e-05,6.517621465e-05
9.22020629e-05,6.224728745e-05
9.34503745e-05,5.926918124e-05
9.466991269e-05,5.624389709e-05
9.586034433e-05,5.317381476e-05
9.70213345e-05,5.006204323e-05
9.815252539e-05,4.691037292e-05
9.925349093e-05,4.372155874e-05
0.0001003238801,4.049789099e-05
0.0001013633706,3.724257072e-05
0.0001023716523,3.395735095e-05
0.000103348422,3.064533872e-05
0.0001042933853,2.730946484e-05
0.000105206258,2.395151638e-05
0.0001060867245,2.057451511e-05
0.0001073753183,6.836334818e-05
0.0001084489307,6.565089486e-05
0.0001094938608,6.288688736e-05
0.0001105094928,6.007275017e-05
0.0001114953384,5.721070597e-05
0.0001124506464,5.43033981e-05
0.000113373597,5.135344034e-05
0.0001142616497,4.836234542e-05
0.0001151152967,4.533324976e-05
0.0001159364238,4.226797131e-05
0.0001167258317,3.91691247e-05
0.0001174835205,3.603930251e-05
0.0001182076494,3.288132653e-05
0.0001188983702,2.969678064e-05
0.0001195561262,2.648916999e-05
0.0001201810849,2.32601499e-05
0.0001207732615,2.001344907e-05
0.0001213325824,1.675048821e-05
0.0001218589278,1.347401448e-05
0.0001223521568,1.018770688e-05
0.0001228121231,6.892665838e-06
0.0001232386838,3.592203897e-06
0.0001236317059,2.893009121e-07
0.0001239910694,3.014369608e-06
0.0001243166695,6.314831135e-06
0.0001246084187,9.610224285e-06
0.0001248662469,1.289842312e-05
0.0001250901024,1.617577356e-05
0.0001252799516,1.94400963e-05
0.0001254357801,2.268920378e-05
0.0001255575917,2.592024789e-05
0.0001256454091,2.913031945e-05
0.0001256992737,3.231759552e-05
0.0001257192453,3.547834843e-05
0.0001259428867,8.935294245e-05
0.0001261784398,1.317629755e-05
0.0001263868396,1.001489298e-05
0.0001265617271,6.845765591e-06
0.0001267030368,3.671679106e-06
0.0001268107223,4.943564595e-07
0.0001268847535,2.683901351e-06
0.0001269251163,5.859183277e-06
0.0001269318129,9.02953522e-06
0.0001269048614,1.219299571e-05
0.000126844296,1.534629006e-05
0.0001267501668,1.848781901e-05
0.00012662254,2.161406222e-05
0.0001264614977,2.472354141e-05
0.0001262671379,2.781315945e-05
0.0001260395743,3.088036449e-05
0.0001257789365,3.392327495e-05
0.0001254853698,3.693899658e-05
0.0001251590349,3.992545842e-05
0.0001248001082,4.287986044e-05
0.0001244087814,4.580024444e-05
0.0001239852615,4.868400972e-05
0.0001235297705,5.152917634e-05
0.0001230425455,5.433351983e-05
0.0001225236586,5.709473096e-05
0.0001219733266,5.981010773e-05
0.0001213915866,6.247837108e-05
0.0001207775148,6.509641844e-05
0.0001201302736,6.766282171e-05
0.0001194497434,7.01755434e-05
0.0001187375977,7.26328488e-05
0.0001179953615,7.503198258e-05
0.0001172241156,7.737133908e-05
0.0001164243666,7.9649326e-05
0.0001155943217,8.186424914e-05
0.000115073165,3.821233165e-05
0.0001144624655,4.105661555e-05
0.0001138216363,4.38679845e-05
0.0001131509338,4.66448674e-05
0.0001124504494,4.938446143e-05
0.0001117202413,5.208471715e-05
0.0001109597461,5.474390738e-05
0.0001101670769,5.735883987e-05
0.0001093414899,5.992831352e-05
0.0001084855087,6.245052047e-05
0.000107601398,6.492316672e-05
0.0001066904506,6.734378916e-05
0.0001057515286,6.971099811e-05
0.000104783912,7.202251622e-05
0.0001037894715,7.427704609e-05
0.0001027695051,7.647263775e-05
0.0001017249561,7.860727409e-05
0.0001006565486,8.06793592e-05
9.95648778e-05,8.268724565e-05
9.845046436e-05,8.462945109e-05
9.731378844e-05,8.650461449e-05
9.615531018e-05,8.831096235e-05
9.497544944e-05,9.004741622e-05
9.377452744e-05,9.171142583e-05
9.255303673e-05,9.330330612e-05
9.131148772e-05,9.482079057e-05
9.005029139e-05,9.626319204e-05
8.876982944e-05,9.762873621e-05
8.747061515e-05,9.891671689e-05
8.615291309e-05,0.0001001260289
8.4817206e-05,0.0001012561255
8.346400864e-05,0.0001023054626
8.209403483e-05,0.0001032736903
8.070798487e-05,0.0001041600912
7.971821327e-05,7.747671067e-05
7.848273805e-05,7.941241042e-05
7.722617801e-05,8.128519782e-05
7.594669283e-05,8.309354415e-05
7.464028323e-05,8.483542768e-05
7.331219678e-05,8.651009204e-05
7.196693403e-05,8.811610615e-05
7.060252131e-05,8.965231528e-05
6.921970669e-05,9.111706629e-05
6.782100032e-05,9.25092282e-05
6.640768128e-05,9.382785454e-05
6.498050164e-05,9.507214203e-05
6.353999916e-05,9.624075699e-05
6.208663308e-05,9.733289263e-05
6.062083382e-05,9.834783842e-05
5.914291911e-05,9.928433278e-05
5.765336797e-05,0.00010014248
5.615270867e-05,0.000100920404
5.464132474e-05,0.0001016186267
5.311974479e-05,0.0001022362115
5.158834447e-05,0.0001027724477
5.004762749e-05,0.0001032266054
4.849819277e-05,0.0001035992528
4.69407885e-05,0.0001038896075
4.537612337e-05,0.0001040976049
4.380481461e-05,0.0001042223108
4.22275342e-05,0.0001042646161
4.064497189e-05,0.0001042243116
3.905780463e-05,0.0001041010405
3.746668518e-05,0.0001038951878
3.587218052e-05,0.0001036063891
3.427486221e-05,0.0001032358238
3.26754287e-05,0.0001027829538
3.107438197e-05,0.0001022485731
2.965009077e-05,9.703286695e-05
2.810628531e-05,9.77101854e-05
2.655479868e-05,9.830907738e-05
2.499389049e-05,9.883034127e-05
2.342612366e-05,9.927268447e-05
2.185449862e-05,9.963659598e-05
2.027850767e-05,9.992130003e-05
1.869954097e-05,0.0001001262982
1.711886599e-05,0.0001002521073
1.553730269e-05,0.0001002981252
1.395558913e-05,0.0001002648947
1.237454062e-05,0.0001001517592
1.079516608e-05,9.995862258e-05
9.218822305e-06,9.96865357e-05
7.647625942e-06,9.933523418e-05
6.085322357e-06,9.890512108e-05
4.539988841e-06,9.839642028e-05
3.034836725e-06,9.780953678e-05
1.674130941e-06,9.714515573e-05
1.164862415e-06,9.640341641e-05
2.201609209e-06,9.558530102e-05
3.636361224e-06,9.469132634e-05
5.141082365e-06,9.372174056e-05
6.66384072e-06,9.267821927e-05
8.190296575e-06,9.156079647e-05
9.714735835e-06,9.037113641e-05
1.12342465e-05,8.91094997e-05
1.27470386e-05,8.7777042e-05
1.425183519e-05,8.637493721e-05
1.574763544e-05,8.490438462e-05
1.723353273e-05,8.336639976e-05
1.870876693e-05,8.17622343e-05
2.017266398e-05,8.009291023e-05
2.162459397e-05,7.836051495e-05
2.317924807e-05,9.412959085e-05
2.467276015e-05,9.349513047e-05
2.615956831e-05,9.278719202e-05
2.763750901e-05,9.20050291e-05
2.910689864e-05,9.114983761e-05
3.056780594e-05,9.022213418e-05
3.201977962e-05,8.922299788e-05
3.346214928e-05,8.815311803e-05
3.489409647e-05,8.70135541e-05
3.631513386e-05,8.58043105e-05
3.772408928e-05,8.452711663e-05
3.912006992e-05,8.318284434e-05
4.050294144e-05,8.177250503e-05
4.187240961e-05,8.029772666e-05
4.322808461e-05,7.875860514e-05
4.456950515e-05,7.715710584e-05
4.58958814e-05,7.549457384e-05
4.720637555e-05,7.377202849e-05
4.850068304e-05,7.199119691e-05
4.977838562e-05,7.015273289e-05
5.103906219e-05,6.825900796e-05
5.228234134e-05,6.631089829e-05
5.350782087e-05,6.431031712e-05
5.471505196e-05,6.225838533e-05
5.590359634e-05,6.015721917e-05
5.707298741e-05,5.80088512e-05
5.822283684e-05,5.58139255e-05
5.935277964e-05,5.357458387e-05
6.046245035e-05,5.129290662e-05
6.155148531e-05,4.897108148e-05
6.261952379e-05,4.661020501e-05
6.366621109e-05,4.421204776e-05
6.469118061e-05,4.177867088e-05
6.569406843e-05,3.931252336e-05
6.693552682e-05,7.108017098e-05
6.805923231e-05,6.937059335e-05
6.91647293e-05,6.760600684e-05
7.025093265e-05,6.578764251e-05
7.131500964e-05,6.39171483e-05
7.235893397e-05,6.199619414e-05
7.338310428e-05,6.00257103e-05
7.438736178e-05,5.800800838e-05
7.537131974e-05,5.594373615e-05
7.633455464e-05,5.383537366e-05
7.727640192e-05,5.168434925e-05
7.819637287e-05,4.949235529e-05
7.909421953e-05,4.726140505e-05
7.996962915e-05,4.499252444e-05
8.082182421e-05,4.268777295e-05
8.164998749e-05,4.034935768e-05
8.245416678e-05,3.797947064e-05
8.32343121e-05,3.557896448e-05
8.399030505e-05,3.315031079e-05
8.472198647e-05,3.069525835e-05
8.54291753e-05,2.82162198e-05
8.61116773e-05,2.571466252e-05
8.676928063e-05,2.319308857e-05
8.740178327e-05,2.065256689e-05
8.800899368e-05,1.809622142e-05
8.85906874e-05,1.552520269e-05
8.914645872e-05,1.294227485e-05
8.967616648e-05,1.034885395e-05
9.017972206e-05,7.747407437e-06
9.065703532e-05,5.139933142e-06
9.11080175e-05,2.528351619e-06
9.153258137e-05,8.582468881e-08
9.193064344e-05,2.698965087e-06
9.230212921e-05,5.310412041e-06
9.283114863e-05,3.438325524e-05
9.336716087e-05,3.204892411e-05
9.387845047e-05,2.968906259e-05
9.436473099e-05,2.730581786e-05
9.482581374e-05,2.490071723e-05
9.526152329e-05,2.247608046e-05
9.5671558e-05,2.003354842e-05
9.605470315e-05,1.757520199e-05
9.641140514e-05,1.510333963e-05
9.674202261e-05,1.261919038e-05
9.704664216e-05,1.012515131e-05
9.732522001e-05,7.623246008e-06
9.757768561e-05,5.115128539e-06
9.780398769e-05,2.603325017e-06
9.800407314e-05,8.923439401e-08
9.817789151e-05,2.425686553e-06
9.832539999e-05,4.937642289e-06
9.844656604e-05,7.445869684e-06
9.854137162e-05,9.947643182e-06
9.86098119e-05,1.244191151e-05
9.865189565e-05,1.492616232e-05
9.866764549e-05,1.739841575e-05
9.865709801e-05,1.985651348e-05
9.862030391e-05,2.229926201e-05
9.855732788e-05,2.472386705e-05
9.84682488e-05,2.712901711e-05
9.835315949e-05,2.951233792e-05
9.821216674e-05,3.187271951e-05
9.804539097e-05,3.420665914e-05
9.785296743e-05,3.651419462e-05
9.763504457e-05,3.879254894e-05
9.739178054e-05,4.103961368e-05
9.712334029e-05,4.325451248e-05
9.68298889e-05,4.543489446e-05
9.654937046e-05,6.998719573e-06
9.642477036e-05,9.406208355e-06
9.627519433e-05,1.180587023e-05
9.610017949e-05,1.419627058e-05
9.589979896e-05,1.657543419e-05
9.567413979e-05,1.894126713e-05
9.542330126e-05,2.129177456e-05
9.514739469e-05,2.362579815e-05
9.48465433e-05,2.594026214e-05
9.452088221e-05,2.823451471e-05
9.417049855e-05,3.050617235e-05
9.379417058e-05,3.275403367e-05
9.339235054e-05,3.497525768e-05
9.296591322e-05,3.716866984e-05
9.25153976e-05,3.933264592e-05
9.204109481e-05,4.146537413e-05
9.154333344e-05,4.356527516e-05
9.102243033e-05,4.563032194e-05
9.04786595e-05,4.765870714e-05
8.991228931e-05,4.964972472e-05
8.932357292e-05,5.160095168e-05
8.871277936e-05,5.35113425e-05
8.808017972e-05,5.537916246e-05
8.742599559e-05,5.720296271e-05
8.675030146e-05,5.898090493e-05
8.605343105e-05,6.07127926e-05
8.533576785e-05,6.239535052e-05
8.459766799e-05,6.402897242e-05
8.383946193e-05,6.561157797e-05
8.306073497e-05,6.714237984e-05
8.226171629e-05,6.861944275e-05
8.144306854e-05,7.004195723e-05
8.060538991e-05,7.140887492e-05
7.974923098e-05,7.271860679e-05
7.887511033e-05,7.397139362e-05
7.823415689e-05,4.571466932e-05
7.750583775e-05,4.763198201e-05
7.675689579e-05,4.951160319e-05
7.598383594e-05,5.135235833e-05
7.519037249e-05,5.315170843e-05
7.437802359e-05,5.490921165e-05
7.354731223e-05,5.662252628e-05
7.2698571e-05,5.829093033e-05
7.183204653e-05,5.991338899e-05
7.094800347e-05,6.148802368e-05
7.004667638e-05,6.301407915e-05
6.912805286e-05,6.448979352e-05
6.819253746e-05,6.591422404e-05
6.724060653e-05,6.728600674e-05
6.627259484e-05,6.860442084e-05
6.528790513e-05,6.986887506e-05
6.428709779e-05,7.107712963e-05
6.327101144e-05,7.222914152e-05
6.224034516e-05,7.332407738e-05
6.11957106e-05,7.436029421e-05
6.013765893e-05,7.533773052e-05
5.906667889e-05,7.625503011e-05
5.798324404e-05,7.711175823e-05
5.688732921e-05,7.790742958e-05
5.577932861e-05,7.86412349e-05
5.465991047e-05,7.931228344e-05
5.352964629e-05,7.992073683e-05
5.238905153e-05,8.046550596e-05
5.123871241e-05,8.094603384e-05
5.007918073e-05,8.136258813e-05
4.891098957e-05,8.171449025e-05
4.773461129e-05,8.200154771e-05
4.65505522e-05,8.222391541e-05
4.535928139e-05,8.237976511e-05
4.435712904e-05,6.940797354e-05
4.325144331e-05,7.046490461e-05
4.213069591e-05,7.146564195e-05
4.099995584e-05,7.240976491e-05
3.985999762e-05,7.329603192e-05
3.87110834e-05,7.412421695e-05
3.755344111e-05,7.48935934e-05
3.63873121e-05,7.560374428e-05
3.521281914e-05,7.625325197e-05
3.403050894e-05,7.684234522e-05
3.284085696e-05,7.737064635e-05
3.164365996e-05,7.783756206e-05
3.043957947e-05,7.824241746e-05
2.922946001e-05,7.858507392e-05
2.801398675e-05,7.88650466e-05
2.679375725e-05,7.908284841e-05
2.556930438e-05,7.923798804e-05
2.434112404e-05,7.932975058e-05
2.310945393e-05,7.935861234e-05
2.187485191e-05,7.932452057e-05
2.063794661e-05,7.922741772e-05
1.939929612e-05,7.906731171e-05
1.815947319e-05,7.884457998e-05
1.691905238e-05,7.855899962e-05
1.567859662e-05,7.821107963e-05
1.443865899e-05,7.780136654e-05
1.319981882e-05,7.732952855e-05
1.196267701e-05,7.679691236e-05
1.072790674e-05,7.620222338e-05
9.496261562e-06,7.554764419e-05
8.268634952e-06,7.483316201e-05
7.04618877e-06,7.405902427e-05
5.830637203e-06,7.322637533e-05
4.624965284e-06,7.233531266e-05
3.451038259e-06,7.630778801e-05
2.295834368e-06,7.633971803e-05
1.256026866e-06,7.631137966e-05
9.118809111e-07,7.62221385e-05
