4.009804303,40.01710414
2.198117327,19.38334826
1.657331983,9.200772942
1.32157483,5.715766963
1.0558814,3.825291088
0.87825289,3.057523275
0.7588324478,2.295371467
0.6722410653,1.810234139
0.6009596967,1.488865473
0.5449931095,1.299003222
0.4979925569,1.137713667
0.4584481646,0.977814946
0.4251541534,0.8300550156
0.3968621157,0.7226395438
0.3702790955,0.6444852524
0.3472422229,0.5604330372
0.3259859218,0.5328935094
0.3074777658,0.4960326903
0.2915882773,0.4317135037
0.2775060951,0.3461683549
0.2645061168,0.3297314639
0.2531851583,0.2916411766
0.2424971152,0.2616219581
0.2326230328,0.2308623542
0.223392145,0.2042788142
0.2147678913,0.1955150244
0.2068660292,0.1746358822
0.1994892348,0.1613770485
0.1925371266,0.1322412508
0.1862099638,0.1266867466
0.18040218,0.1138833074
0.1749731582,0.1118383364
0.1696490233,0.09883784816
0.1646868378,0.0999704984
0.1600273226,0.1052872578
0.1556812337,0.09401429299
0.1514572825,0.08439061236
0.1474304193,0.07878188979
0.143631231,0.08142129823
0.140034362,0.07605537762
0.136635062,0.06420380639
0.1333684417,0.06346543894
0.1302280699,0.06302456902
0.1272932091,0.06129741473
0.1244771868,0.05945787904
0.1217852603,0.05921461286
0.119149787,0.0542581415
0.1166618217,0.0523645258
0.1142838041,0.04709496502
0.1120004763,0.04479821046
0.1098105821,0.04300464884
0.1076925086,0.04368751011
0.1056533306,0.04162505945
0.1037062465,0.04390099015
0.1018414105,0.04125785371
0.1000514575,0.03506758186
0.09830378041,0.03393927041
0.09660534478,0.03255461497
0.09495504618,0.03370942607
0.09336816391,0.03261136597
0.09182441897,0.03007676097
0.090328602,0.02873755354
0.08888852729,0.02908987886
0.08750256765,0.0290789596
0.08615449474,0.02872625148
0.08484661148,0.02948140696
0.08358269066,0.02969119884
0.0823671481,0.02726694536
0.08118566314,0.0254419815
0.08004510367,0.02272529888
0.07893024091,0.02127883734
0.07784738285,0.0210877834
0.07679891044,0.02263994598
0.07578214021,0.02507245204
0.0747890969,0.02366443541
0.07381345211,0.02332356309
0.07285507708,0.02143422363
0.07191503277,0.01947490233
0.07098900834,0.01768557198
0.07008024947,0.01969376014
0.06920381502,0.01914410906
0.06835743032,0.01814046249
0.06753584197,0.01772213341
0.06674079493,0.01776894848
0.06596213177,0.01718124443
0.0652041999,0.0168379662
0.064462033,0.01606989265
0.06373126265,0.01396181253
0.06301764024,0.01231321998
0.06231775414,0.01253369811
0.06163623376,0.01422142938
0.0609708232,0.01555954521
0.06031692906,0.01511327494
0.05967838937,0.01502723559
0.05905212193,0.01437723192
0.05843811059,0.01270207202
0.05783326822,0.01063362995
0.05723836889,0.0102919646
0.05665704672,0.01176947811
0.05608941249,0.01220020171
0.05553307739,0.01203804717
0.05498870239,0.0114571014
0.05445574714,0.01102449974
0.05393118315,0.0114860186
0.05341591464,0.01205954923
0.05291209769,0.01111436769
0.0524209851,0.01087589722
0.05193925905,0.0101340778
0.05146525688,0.009239594716
0.05100022181,0.008904481267
0.05054311829,0.008178542766
0.05009347173,0.009302199531
0.0496504889,0.009749558045
0.04921381146,0.00959134126
0.04878544351,0.009163390306
0.04836373301,0.009201504586
0.04794805791,0.00894037548
0.04753842051,0.007975570799
0.04713770611,0.006968970455
0.04674503026,0.006370925347
0.0463592179,0.006937029204
0.04597934916,0.0078814797
0.04560436017,0.007873557746
0.04523611621,0.007933049555
0.04487459171,0.007415078395
0.04451973086,0.006793354126
0.0441698071,0.007129473758
0.043825937,0.006883795475
0.04348814416,0.005916016519
0.04315462737,0.006283357637
0.04282616491,0.006067305196
0.04250347531,0.005642365579
0.04218559012,0.005436002107
0.04187080787,0.005738243892
0.04155974508,0.005868937596
0.04125272989,0.006321122013
0.04095039196,0.006717068985
0.04065192809,0.006323133203
0.04035653088,0.005571475384
0.04006631501,0.005697733231
0.039781925,0.005050425257
0.03950118438,0.004844908053
0.03922415866,0.004829435884
0.0389520117,0.005060578964
0.03868396944,0.004978140924
0.03841938607,0.005393751229
0.03815841896,0.005566404721
0.03790130347,0.005162130382
0.03764795489,0.004813512659
0.03739825491,0.005135980326
0.03715152434,0.005182145657
0.03690778122,0.00499912092
0.03666687541,0.004368892103
0.03642901958,0.004031389877
0.03619439165,0.003684257386
0.03596281466,0.004020320193
0.03573411782,0.0049042306
0.03550791091,0.005465683151
0.03528384876,0.005715654726
0.03506294915,0.005614209422
0.03484571895,0.005006380611
0.03463141787,0.004340412713
0.03442009404,0.003867624795
0.03421124401,0.003989302816
0.03400473298,0.004158468849
0.03380071653,0.004202253598
0.03359866959,0.003927866716
0.0333982969,0.003706032779
0.03320030878,0.004111153943
0.03300503213,0.004725807368
0.03281244514,0.005022617768
0.03262216517,0.0047716856
0.03243401049,0.004262661754
0.03224835774,0.003677854164
0.03206486358,0.003266286753
0.03188335308,0.003166372611
0.03170387505,0.003409802514
0.03152625367,0.003569106636
0.03135071644,0.003870434053
0.03117720215,0.004361969275
0.03100550935,0.004689127928
0.03083541568,0.004550302662
0.03066700238,0.004296707474
0.03050037942,0.004080516612
0.03033558336,0.003819937688
0.03017254877,0.003502569523
0.03001118142,0.003267463646
0.02985139511,0.003179682648
0.02969339846,0.003109980409
0.02953713473,0.003199288463
0.02938271147,0.003361518166
0.02923010436,0.003598560171
0.02907898752,0.004060269085
0.02892943704,0.004368199344
0.02878149434,0.004396608317
0.02863515455,0.004184615937
0.02849044028,0.003697983323
0.02834706739,0.003282316029
0.0282049478,0.003267736653
0.02806425562,0.003469454733
0.02792494214,0.003630628028
0.02778723649,0.003617497215
0.02765126895,0.003472047578
0.02751699255,0.003560831025
0.02738365654,0.003839172389
0.02725116444,0.004104468058
0.02711942962,0.003966426274
0.02698858933,0.003380564758
0.02685890156,0.002760730099
0.02673049577,0.002078424244
0.02660346473,0.002244283292
0.02647811132,0.002825351385
0.02635408352,0.003201202096
0.02623123201,0.003498389795
0.02610964598,0.003610658445
0.0259891621,0.003771989932
0.02587012234,0.00382865883
0.02575244687,0.003688947453
0.02563564737,0.003313515799
0.02551960757,0.002498038662
0.02540436041,0.002083651263
0.02529009421,0.002382370365
0.02517698766,0.002825990956
0.02506486761,0.003175526634
0.02495353896,0.003280532357
0.02484304866,0.003349862441
0.02473347181,0.003171770006
0.02462487605,0.002981525929
0.0245171282,0.003075166341
0.02441009904,0.002927824419
0.02430400966,0.002678347839
0.02419874787,0.002532574074
0.02409429062,0.002265988033
0.02399072292,0.002240953829
0.02388818835,0.002615900746
0.02378689801,0.002930164767
0.02368677752,0.002940700377
0.02358777197,0.002889363881
0.02348969624,0.002967972752
0.02339229704,0.002965623904
0.0232954834,0.002792101405
0.02319947075,0.002525552195
0.02310431548,0.002216157539
0.02300999221,0.002227547293
0.02291654556,0.002468411002
0.02282379926,0.002541621504
0.02273179894,0.002592978292
0.02264059498,0.002737515044
0.02254972721,0.002721343108
0.02245929791,0.002623456829
0.02236943348,0.002606568831
0.02228022671,0.002247528695
0.02219188928,0.001964196292
0.0221044202,0.002083986966
0.02201765206,0.002200163365
0.02193141159,0.002416992304
0.02184605847,0.002552044243
0.02176174297,0.002476265615
0.02167840069,0.00235821344
0.02159593013,0.002354274253
0.02151405395,0.002285922411
0.02143268516,0.002377134954
0.02135187215,0.002387560085
0.02127153142,0.002227360081
0.02119156115,0.001986931037
0.02111196235,0.001884572933
0.021032821,0.001909108285
0.02095428482,0.002014674676
0.02087642621,0.002164410985
0.02079917855,0.002356208427
0.0207224764,0.002377564592
0.02064623369,0.002219604253
0.02057044244,0.002067759911
0.02049514596,0.001918049311
0.020420456,0.00180129538
0.02034644259,0.001962152
0.02027304683,0.00213448741
0.02020013056,0.002133383703
0.0201277625,0.00211917098
0.02005602821,0.00213909973
0.01998484988,0.002167069678
0.01991412499,0.002233105552
0.01984382071,0.00228030937
0.01977403181,0.002130898518
0.01970485519,0.001823986487
0.01963627725,0.00165460345
0.01956824296,0.001698682374
0.01950067391,0.001837913683
0.01943348893,0.001884099656
0.01936673648,0.001880676458
0.01930035795,0.001986513128
0.0192343372,0.002152956434
0.01916862584,0.00230742018
0.01910320202,0.002376978746
0.0190380672,0.002199349024
0.01897326199,0.001738066916
0.01890884562,0.001297477912
0.01884493029,0.001341753398
0.01878159419,0.001678182726
0.01871884944,0.00187794035
0.01865665933,0.001947223295
0.01859495473,0.002012964457
0.01853368902,0.002019287348
0.01847285384,0.002004180737
0.01841241363,0.001983532572
0.01835234682,0.001892865077
0.01829265578,0.001779960904
0.01823333996,0.001652183878
0.01817440757,0.001418278351
0.01811584458,0.001239027429
0.01805764166,0.001424787925
0.0179997786,0.001799442899
0.0179422612,0.002156562377
0.01788509081,0.002331539398
0.01782827106,0.002284182677
0.01777180673,0.00203036581
0.01771566714,0.001658365761
0.01765983182,0.001363795684
0.01760433314,0.001299023704
0.01754920934,0.001398028274
0.01749447845,0.001516720167
0.01744009578,0.001639231785
0.0173860004,0.001780800645
0.01733218899,0.001905834079
0.01727868526,0.001975803815
0.01722549767,0.001951179068
0.01717262641,0.001838345665
0.01712008501,0.001653315419
0.01706789336,0.001503162337
0.01701611295,0.0014813863
0.0169648032,0.00149841361
0.01691398483,0.001482188495
0.01686360379,0.001481847442
0.01681356724,0.001571711339
0.01676375584,0.001730488925
0.01671411035,0.001841339008
0.01666461834,0.0018233911
0.01661529511,0.001696654253
0.01656614561,0.001499094277
0.01651720272,0.001304326743
0.01646851486,0.001240781862
0.01642013293,0.001307934529
0.01637208653,0.001455356596
0.0163243439,0.001579621462
0.01627687537,0.001673293098
0.01622970694,0.001744784205
0.01618286331,0.001731335322
0.01613634505,0.00160043716
0.01609013986,0.001460958967
0.0160442038,0.001479636842
0.01599851121,0.001547499722
0.01595306645,0.001550924714
0.01590787717,0.001458217945
0.01586296334,0.001328743077
0.01581835696,0.001295982479
0.01577405052,0.001455216881
0.01573001033,0.001664386806
0.01568622609,0.001813488642
0.01564268682,0.001824028038
0.01559938062,0.001663298892
0.01555628653,0.001391306313
0.01551339895,0.00115566057
0.01547071848,0.001124928332
0.01542826516,0.001301151503
0.01538603635,0.001456110142
0.0153440128,0.001542460905
0.01530213937,0.001608705413
0.0152603876,0.001649676822
0.01521878613,0.001672327352
0.01517738821,0.001665029504
0.01513623506,0.00162129723
0.01509536219,0.001554476533
0.01505479299,0.001445278548
0.01501454199,0.001284883588
0.01497461283,0.001173612023
0.01493498125,0.001217878163
0.01489557705,0.001398492006
0.01485633641,0.001593995173
0.01481721136,0.00169492071
0.01477820106,0.001696286182
0.01473929437,0.001636382998
0.01470052068,0.001536384649
0.01466191314,0.001384289307
0.01462348418,0.001171164588
0.01458525913,0.0009880769268
0.01454726487,0.0009475084654
0.01450949741,0.001172670118
0.01447199064,0.001478419903
0.01443474969,0.001698510844
0.01439773835,0.00179771813
0.01436095194,0.001774346457
0.01432436193,0.001658450461
0.01428796178,0.001527249948
0.01425176366,0.001440112502
0.01421576174,0.001402607065
0.01417994034,0.001277721245
0.01414430991,0.001063592374
0.01410885921,0.001027700234
0.01407357615,0.001176632819
0.0140384433,0.001407132016
0.01400344232,0.00161535878
0.01396860021,0.001696146682
0.01393395856,0.001619699088
0.01389951097,0.001436193176
0.01386526633,0.001221060422
0.01383120904,0.001075550676
0.0137973326,0.001104136188
0.01376364331,0.001221371973
0.01373011391,0.00136397295
0.01369672129,0.001463748421
0.01366346498,0.001521436301
0.01363035831,0.001551733581
0.01359740005,0.001506393947
0.01356458497,0.001402559135
0.01353191666,0.00129610777
0.01349942625,0.001175426983
0.01346714186,0.001063740169
0.0134350655,0.001018607319
0.01340318312,0.001031016106
0.0133714653,0.001094700953
0.01333988627,0.001205170537
0.01330841464,0.001341452222
0.01327701605,0.001432759487
0.01324568304,0.001475978691
0.01321443698,0.001488611409
0.01318330691,0.001419632804
0.01315231354,0.001233590814
0.0131214722,0.001010739866
0.01309079181,0.0009319704188
0.01306028677,0.001044871103
0.01302996588,0.001244125366
0.0129998369,0.001382991267
0.01296989928,0.001397158428
0.01294013453,0.001330918421
0.01291053732,0.001268292948
0.01288108646,0.001239338504
0.01285177595,0.001208447433
0.01282258539,0.001123352989
0.01279350712,0.0009726487274
0.01276453785,0.0008535431092
0.01273566085,0.0009230200004
0.01270687903,0.001107737145
0.01267821236,0.001350470668
0.01264967392,0.001530401482
0.01262125351,0.001540937136
0.01259293293,0.001381232078
0.01256470467,0.00114127919
0.0125366069,0.0009640718956
0.01250864374,0.0009062454801
0.01248081779,0.0009946224219
0.01245310588,0.001076511407
0.01242555346,0.0009762079435
0.01239814873,0.001054308917
0.01237080639,0.001178167497
0.01234350848,0.001242390963
0.01231632,0.001241964995
0.01228931609,0.001195939937
0.01226249135,0.001084410962
0.01223584107,0.0009850092744
0.01220934987,0.0009444746842
0.01218303308,0.0009544673233
0.0121568604,0.0008996403403
0.01213078049,0.0009283338656
0.0121047841,0.001043721518
0.01207887569,0.001128554278
0.01205304227,0.001137974801
0.01202729139,0.001146601585
0.0120016167,0.001199545019
0.01197601623,0.001169058842
0.01195050357,0.001050686537
0.01192509804,0.0008428638074
0.01189980698,0.0006624117377
0.01187462943,0.0006817851699
0.01184955181,0.0009318681174
0.01182457672,0.001099065157
0.01179970829,0.001103453652
0.0117749423,0.001063270212
0.01175029898,0.001081161937
0.01172579468,0.001115414002
0.0117014282,0.001086989518
0.01167719662,0.0009854706051
0.01165308037,0.000875547098
0.01162906625,0.0008247171126
0.01160517306,0.0008141856048
0.01158140778,0.0008911625346
0.01155774657,0.0009794880102
0.01153415681,0.001035580513
0.01151061554,0.001098889467
0.01148712399,0.001142485772
0.01146369492,0.00111184208
0.01144033989,0.001058910941
0.0114170739,0.001009401538
0.01139391459,0.0009094296894
0.01137086713,0.0007458713754
0.01134791726,0.0006920494335
0.0113250372,0.0008345461732
0.01130221223,0.00101833132
0.01127944916,0.001128074872
0.01125677028,0.001142935173
0.01123420153,0.001068276497
0.01121175894,0.0009796772438
0.01118943953,0.0009856743645
0.01116723626,0.001007661177
0.0111451477,0.0009313133766
0.01112317517,0.0008344160212
0.01110131459,0.0008369433299
0.01107955483,0.00092079443
0.01105788095,0.0009928886881
0.01103627501,0.00103944925
0.01101471419,0.001054570004
0.01099318031,0.00104587097
0.01097167727,0.001024919058
0.01095022745,0.000964078593
0.01092885673,0.0008687066197
0.01090757676,0.0007653237274
0.01088638627,0.000706758016
0.01086527657,0.0007317856784
0.01084423658,0.0008377856901
0.01082325835,0.0009768689646
0.01080234561,0.001094915863
0.01078151417,0.001122974138
0.01076077525,0.001050026323
0.01074013412,0.0009420285123
0.0107195908,0.0008578305779
0.01069914292,0.0008032463276
0.01067878418,0.0007544065499
0.01065850915,0.0006978388019
0.01063831146,0.0006623785622
0.01061818531,0.0007262854857
0.01059812739,0.0008626453189
0.01057813505,0.0009704814291
0.01055820646,0.001002170534
0.01053834209,0.0009764004111
0.01051854743,0.0009376671865
0.0104988303,0.0008844685367
0.01047919539,0.0007882796561
0.01045964193,0.0006704478074
0.01044016498,0.0006425453104
0.01042076068,0.0007229383757
0.0104014297,0.0008399205747
0.01038217391,0.0009536275688
0.0103629922,0.001029708757
0.01034388106,0.001053914395
0.01032483905,0.001020805501
0.01030587202,0.0009290556001
0.01028699024,0.0007870560007
0.1581834364,0.3639030629
0.072415727,0.2357939998
0.05034690978,0.1899576766
0.03643869092,0.1397828484
0.02963126059,0.134078527
0.0218689736,0.1063477514
0.01675677032,0.09591880032
0.01460568166,0.08346845563
0.01339807771,0.07355405648
0.01223971842,0.07421572829
0.01075308971,0.06414677496
0.009359367866,0.05783412514
0.00828696343,0.04805887085
0.007622246603,0.05391982835
0.007015684783,0.04410726788
0.006573257601,0.04370357848
0.006003248054,0.03779045666
0.005512452329,0.0329916846
0.005144469337,0.03509578333
0.004844922493,0.03229501517
0.004544280296,0.03173813079
0.004263574771,0.02898548514
0.004083559462,0.02332980839
0.004053337533,0.02805348544
0.003946947089,0.02664380938
0.003774991014,0.02647808362
0.003569963003,0.02422555555
0.003389949053,0.02128045736
0.003249637483,0.02237250589
0.003106868884,0.02239020479
0.002989562153,0.02337007554
0.002840738012,0.01997539623
0.002651200745,0.01718877267
0.002478745581,0.01796342056
0.002346441959,0.01578213183
0.002261703066,0.01767485177
0.002167223712,0.01754280331
0.002051304318,0.01500693404
0.001964012854,0.01495124238
0.001903192547,0.01563323879
0.001843766562,0.01688258892
0.00175417989,0.01551435553
0.001675913861,0.01255079253
0.001638935698,0.01246478323
0.001610680718,0.01387108266
0.001583642312,0.01501476789
0.001545608137,0.01336006771
0.001500467367,0.01250816496
0.001453060146,0.01198894685
0.001406017125,0.01028720384
0.00137090954,0.01173644511
0.001346671128,0.01193718497
0.00132762052,0.01048874782
0.001311552821,0.01091552115
0.001298593318,0.01066178755
0.001286385011,0.01107211346
0.001269292778,0.01079595147
0.001236993411,0.009339939838
0.001197158594,0.009238127638
0.001158571724,0.009130850879
0.001127468535,0.009292637287
0.001104246609,0.009422559772
0.001093557031,0.007895401724
0.001084697331,0.008694037704
0.001052958647,0.008647860063
0.001005990311,0.007319767466
0.0009710800593,0.007418738142
0.0009543455459,0.008137101231
0.0009417514235,0.007584861863
0.0009320634915,0.007470646007
0.0009202700873,0.008096504567
0.0009066029074,0.006641883276
0.0008924617368,0.006007145001
0.000879711692,0.006476316971
0.0008683581595,0.006997997876
0.0008560339218,0.006150865056
0.0008449076633,0.005295724855
0.0008337007216,0.006134604524
0.0008254733776,0.005837077555
0.0008177246784,0.00578038966
0.0008071008576,0.005766754962
0.0007953898817,0.005304399608
0.0007845175265,0.005768010766
0.0007761988011,0.005355119654
0.000771885567,0.004938542228
0.000766822246,0.0053279969
0.0007617092759,0.004882414479
0.0007552740847,0.004234638974
0.000746849352,0.005178952727
0.0007378189738,0.004804490995
0.0007303349845,0.003576238789
0.0007241892811,0.004603533177
0.0007178286446,0.005011360701
0.0007098136447,0.004013182729
0.0007017030276,0.003579330094
0.0006944198756,0.004291637614
0.0006861744819,0.00382426018
0.000678911069,0.003542480337
0.0006745944686,0.00390707217
0.0006702988677,0.003556591032
0.0006660692515,0.004016501647
0.0006621643066,0.003884828828
0.000656975067,0.003421100989
0.0006504586047,0.003716389755
0.0006419940374,0.00343202475
0.0006332138981,0.003016917525
0.00062745114,0.003524646064
0.0006239494517,0.003389360342
0.0006206503089,0.00331681587
0.0006158577845,0.003328462547
0.0006085620385,0.003020890791
0.0006016452921,0.003100292142
0.0005970385624,0.002839474749
0.0005940931428,0.002513234981
0.000591316842,0.003130682559
0.0005875695144,0.003322616525
0.0005811539633,0.002867238993
0.0005735558772,0.002767109524
0.0005672399508,0.00292748322
0.00056278149,0.002648175976
0.0005582999784,0.002285548928
0.0005520733925,0.002383449202
0.0005445464954,0.002715328213
0.0005378166649,0.002658600929
0.0005325345292,0.002645942393
0.0005282359304,0.00263325571
0.0005253177217,0.002561342581
0.0005237764237,0.002111093377
0.0005217621793,0.001997568938
0.0005187411511,0.002616059852
0.0005156115683,0.002644241951
0.0005127659317,0.002202088674
0.0005102925819,0.002530347284
0.0005076091728,0.002494895504
0.00050411115,0.002109059967
0.000501308622,0.001909407835
0.0004993202682,0.002265339851
0.0004972727823,0.002560114448
0.0004945991701,0.002150188413
0.0004914658594,0.001935816827
0.0004886158687,0.002268479668
0.0004866562639,0.002027824951
0.0004862547044,0.001697664989
0.0004870244025,0.002067999103
0.0004872788843,0.002361071737
0.0004859840825,0.002195995585
0.0004839356949,0.001926819288
0.0004820806977,0.001998261085
0.0004804458076,0.002214377441
0.000478733155,0.001992372153
0.000476915688,0.00169626865
0.0004751972478,0.001986181775
0.0004733921752,0.00221833078
0.0004716202757,0.001911156806
0.0004694416548,0.001731530116
0.0004665540967,0.001941058413
0.0004634493416,0.001715325085
0.0004607844305,0.001530112161
0.000458581333,0.001834848815
0.000456083005,0.001989753175
0.0004528673519,0.001841724392
0.0004491584949,0.00147201816
0.0004452147535,0.001642303364
0.000441460728,0.00189804665
0.0004382874312,0.001580784094
0.0004356196724,0.001369448292
0.0004330433332,0.00161421903
0.0004301388818,0.001783147398
0.0004271300681,0.001802412338
0.000424608382,0.001725245869
0.0004228134521,0.001664374934
0.0004215643733,0.00162556912
0.0004202635548,0.001546144039
0.0004184043342,0.001665965135
0.0004159036959,0.001872901407
0.0004128328583,0.001710496032
0.0004094887188,0.001460266142
0.0004061371185,0.00158163515
0.0004028775502,0.001571225027
0.0003998898123,0.001408168005
0.0003973088031,0.001489251686
0.0003951007001,0.001686775973
0.0003929392206,0.001700715787
0.0003905791087,0.001526271011
0.0003881659797,0.00135676495
0.0003861038083,0.001412909378
0.0003845549469,0.001428284871
0.0003832528012,0.001405784043
0.0003816965919,0.001418771522
0.0003795474301,0.001403711397
0.0003768178706,0.001436592879
0.0003738819842,0.001505670016
0.0003709751459,0.001501435268
0.0003681439532,0.001348901904
0.0003653926143,0.00118601275
0.0003626023008,0.001286265274
0.0003595389677,0.001451501437
0.0003563093325,0.001456041911
0.0003532674373,0.001311823104
0.0003505560276,0.001286218013
0.0003480862658,0.001340444746
0.0003457642275,0.00136223656
0.0003433999831,0.001389515553
0.0003408734765,0.001344775835
0.0003381177758,0.001273711924
0.0003350401203,0.001290611388
0.0003317850931,0.001286666994
0.0003286834885,0.001175109509
0.0003259386068,0.001089378612
0.0003235767592,0.001182651468
0.0003213994421,0.00131871637
0.0003191138568,0.001287150765
0.0003166101684,0.001201142682
0.0003140662999,0.00119053524
0.000311812612,0.001213263582
0.000309960465,0.001160516713
0.0003082810992,0.001087097189
0.0003064842996,0.001082588226
0.0003044430054,0.001100908302
0.0003022323347,0.001160680757
0.0003000243253,0.001235528928
0.000297916879,0.001228622393
0.0002959621088,0.001159801745
0.000294224517,0.001150559432
0.0002926991502,0.001251786876
0.0002913301166,0.00128328146
0.0002900468162,0.001171362423
0.0002888220599,0.001110261112
0.0002876571616,0.00116731824
0.0002865552463,0.001145303006
0.0002855216838,0.001072758357
0.0002845165324,0.001095178771
0.0002834266186,0.001135091196
0.0002821116493,0.001097918636
0.0002805476117,0.001064256734
0.0002788770915,0.001088349879
0.0002772709302,0.001072009729
0.0002758325062,0.000994980283
0.0002745905128,0.001013653616
0.0002734578795,0.001096187359
0.0002723279129,0.001062827414
0.0002712323956,0.0009715067653
0.0002702698206,0.001000138076
0.0002695308556,0.001101885853
0.0002690227345,0.001153900187
0.0002686287599,0.001147125041
0.0002681510136,0.001168001107
0.0002674734209,0.001186859713
0.0002665488502,0.001130179996
0.0002653746105,0.001089846281
0.0002640200394,0.00110843494
0.0002625783825,0.001100477781
0.0002610248782,0.001053324986
0.0002594513603,0.00105055407
0.0002579457477,0.001039881677
0.000256476118,0.001001068183
0.0002550621326,0.0009912727269
0.0002536820546,0.001087117984
0.0002523304715,0.00116348982
0.0002510572807,0.001115364875
0.0002498172404,0.001016001767
0.000248510515,0.001007936504
0.0002471041646,0.001051447421
0.0002455733343,0.001049713513
0.0002439804676,0.0009921647484
0.0002424514748,0.0009675067267
0.0002410217356,0.0009365708317
0.0002396186192,0.0009199705959
0.0002381627591,0.0009919266772
0.0002366146394,0.001050670772
0.0002350592413,0.001042251352
0.0002336324113,0.001030452516
0.0002323961561,0.001052611205
0.000231360002,0.001048437496
0.0002304808486,0.0009885658639
0.0002296519392,0.000965460905
0.000228739487,0.001030531838
0.0002276429042,0.001091983129
0.0002263770093,0.001094634294
0.0002250524385,0.001079819872
0.0002238033573,0.001059129553
0.0002227478313,0.0009988747267
0.0002219510188,0.0009455967826
0.0002213953166,0.000997471593
0.0002209935308,0.001098164529
0.0002206707353,0.001131258783
0.0002204460385,0.00108022447
0.0002204001289,0.0009947698287
0.0002205748744,0.0008887024508
0.0002209224682,0.0008136231886
0.0002213202897,0.0008663426652
0.0002216369115,0.0009836959074
0.0002217897115,0.001016716281
0.0002217656189,0.0009471769617
0.0002216091305,0.0008663159916
0.0002213632802,0.0008613196416
0.0002210703305,0.0008840083637
0.0002207471347,0.0009473810963
0.0002204024606,0.001040614328
0.0002200328764,0.001095549348
0.0002196237804,0.00107496209
0.0002191589169,0.001005824082
0.0002186340416,0.0009118981392
0.0002180315074,0.0008261530208
0.0002173485471,0.0007937383661
0.0002164900887,0.0008333806962
0.0002154182128,0.0008774531925
0.0002141874641,0.000863234686
0.0002128792356,0.0007974737442
0.0002116448586,0.0007061207592
0.0002105329763,0.0006619116302
0.0002095565497,0.0007358133307
0.000208718142,0.0008700645792
0.0002079568989,0.0009702245159
0.000207239753,0.0009698804453
0.0002065990878,0.0008826307322
0.0002060601201,0.0008208682634
0.0002056507736,0.0008208975578
0.0002053831443,0.0008629885672
0.000205209343,0.0009608075744
0.00020504102,0.001046556469
0.000204766062,0.001092896283
0.000204305224,0.001059593043
0.0002036875094,0.000948955278
0.0002030144856,0.000850837072
0.0002023673769,0.0008078079185
0.0002018206261,0.0007678199033
0.0002014559005,0.0007801409874
0.0002012201307,0.0008190593021
0.0002010577625,0.000842273116
0.00020095057,0.0007782308852
0.0002008968832,0.0006578617096
0.0002009333164,0.0006385584022
0.0002010409683,0.0007459400138
0.0002011227803,0.0008621383131
0.0002010810507,0.0008702602709
0.0002008764723,0.0007936061917
0.0002005408613,0.0007167100008
0.0002001341512,0.0007030163736
0.000199690182,0.0007014381615
0.0001992308349,0.0006902050362
0.0001987665574,0.0007304825253
0.0001982876702,0.0008009318267
0.0001977557323,0.0008316890224
0.000197164699,0.000809514224
0.0001965287944,0.0007382190855
0.0001958541796,0.0006883243598
0.0001951516373,0.0006850290578
0.0001944192043,0.0007174890929
0.0001936552492,0.0007502134006
0.0001928737323,0.0007863037331
0.0001920806593,0.0008237775878
0.0001912751911,0.0008379307931
0.0001904673023,0.0008114746061
0.0001896873955,0.0007705763639
0.0001889680723,0.0007622688926
0.0001883228297,0.0008151544648
0.0001877614352,0.0008698737508
0.0001873043162,0.0008818247635
0.00018694268,0.0008533512876
0.0001866617236,0.0007912428623
0.0001864361306,0.000712444501
0.0001862310505,0.0006690316421
0.0001860113491,0.000689048103
0.0001857505269,0.0007196626204
0.0001854358544,0.0007397450381
0.0001850857056,0.0007451040773
0.0001847433004,0.000743226478
0.000184450648,0.0007492375534
0.0001842355681,0.0007560284301
0.0001841051385,0.0007631766708
0.0001840515517,0.0007990292114
0.0001840431943,0.0008598704489
0.0001840359125,0.0008726433891
0.0001840038599,0.0008218914008
0.0001839490012,0.0007491279843
0.0001838887183,0.0007124649967
0.0001838341498,0.0007204269118
0.0001837679942,0.0007349247998
0.0001836549933,0.0007223944064
0.0001834632157,0.0007007235864
0.0001831801259,0.0006879510268
0.0001828156765,0.0006608972757
0.0001823944523,0.0006018257191
0.0001819458962,0.00056631074
0.0001814970028,0.0006015769537
0.000181072539,0.0006844315092
0.0001806959214,0.0007426270483
0.0001803849939,0.000766159018
0.0001801433273,0.0007880035617
0.0001799532567,0.0008199586644
0.0001797768562,0.0008354012095
0.0001795694041,0.0008267250525
0.0001792978028,0.0008259581462
0.0001789526153,0.000857664675
0.000178542439,0.0008858864632
0.0001780831215,0.0008820275214
0.0001775871881,0.0008479386021
0.0001770582853,0.0008076916432
0.0001764918259,0.0007672660712
0.0001758818489,0.0007271910207
0.0001752310077,0.0006825933304
0.0001745541022,0.0006378421381
0.0001738710266,0.0006099860558
0.0001731994927,0.0005950271912
0.0001725480995,0.0005758112797
0.0001719158742,0.00057251068
0.0001712890983,0.0006063857189
0.0001706422001,0.000676119866
0.0001699500096,0.0007405332439
0.0001692007003,0.0007701061403
0.0001684034855,0.0007722340642
0.0001675836523,0.0007556374565
0.0001667684528,0.0007198767933
0.0001659760982,0.0006776472755
0.0001652128216,0.000662408382
0.0001644711121,0.000685523459
0.0001637381639,0.0007185074105
0.0001630059978,0.0007234516402
0.0001622743284,0.0006969807618
0.000161546387,0.0006572488114
0.0001608212587,0.0006316585798
0.0001600918661,0.0006281177878
0.0001593512485,0.0006284967979
0.0001586001159,0.0006252860117
0.0001578515517,0.0006240654048
0.0001571289543,0.0006279844416
0.0001564594971,0.0006403548603
0.0001558667295,0.0006712127893
0.0001553653303,0.000704265643
0.0001549609726,0.0007200736632
0.0001546511653,0.0007195351364
0.0001544260839,0.0007181702135
0.0001542677134,0.0007171173892
0.0001541513179,0.0007034309978
0.0001540511013,0.0006713316508
0.0001539445372,0.0006351636285
0.0001538138964,0.0006150877045
0.0001536464537,0.0006119669357
0.0001534356228,0.0006140948634
0.0001531803996,0.0006180135046
0.0001528851845,0.0006293485358
0.00015255692,0.0006433576529
0.0001522006444,0.00064079257
0.0001518240187,0.0006300903399
0.0001514347163,0.0006335820611
0.0001510402043,0.0006579206008
0.000150644823,0.0006813004584
0.0001502469475,0.0006835384104
0.0001498382015,0.0006584148457
0.0001494031835,0.0006251355554
0.000148923861,0.0005984801173
0.0001483862237,0.0005780379123
0.0001477869604,0.0005511837904
0.0001471342295,0.0005321985903
0.0001464440516,0.0005375744729
0.0001457340555,0.0005435973888
0.0001450190997,0.000531147582
0.0001443100049,0.0005079960171
0.0001436134595,0.0005084952896
0.0001429341305,0.0005453943992
0.0001422767347,0.0005934395323
0.0001416552227,0.0006384182083
0.0001410672459,0.0006749601767
0.0001405289023,0.0007063884001
0.0001400524615,0.0007342507237
0.0001396237412,0.0007468967661
0.0001392441469,0.0007501911895
0.0001389082245,0.000743506048
0.0001386086741,0.0007332179866
0.00013834538,0.0007159140274
0.0001381189845,0.000690875051
0.0001379289415,0.0006614087518
0.0001377762564,0.0006273444132
0.0001376492146,0.0005994234878
0.0001375376547,0.0005731761742
0.0001374371448,0.000549170225
0.0001373369141,0.0005326623901
0.0001372277797,0.0005261218862
0.0001371063486,0.0005273350172
0.0001369653333,0.0005270370326
0.0001367965823,0.000532819646
0.000136595188,0.0005522024782
0.0001363698775,0.0005866956137
0.0001361131287,0.0006474732325
0.0001358237881,0.0007088502809
0.0001355129201,0.000747253066
0.0001351828523,0.0007501806029
0.0001348402217,0.0007277590515
0.0001344838956,0.0006982420846
0.0001341096666,0.0006710591903
0.0001337155119,0.0006478271192
0.0001333001409,0.0006359616507
0.0001328594567,0.0006356819344
0.0001323938103,0.0006401130294
0.00013188756,0.0006422650697
0.0001313228281,0.0006372806129
0.0001307009806,0.0006260822625
0.0001300350418,0.0006121040649
0.0001293407997,0.0006006016014
0.0001286352543,0.0005842180363
0.0001279363097,0.0005723320821
0.0001272660522,0.00057930841
0.0001266455073,0.0006100608247
0.0001260842258,0.0006514666201
0.0001255930303,0.0006833143732
0.0001251962541,0.0006969035168
0.0001248810148,0.000703634661
0.0001246278635,0.0007068385342
0.0001244323857,0.00070054165
0.0001242807961,0.0006847330873
0.0001241738327,0.0006565947364
0.0001241112721,0.0006261279708
0.0001240805246,0.0005925338303
0.000124067488,0.000565602564
0.0001240627517,0.0005589158595
0.0001240619681,0.0005746715325
0.0001240688704,0.000606723532
0.0001240895247,0.0006283570198
0.0001241287604,0.0006263166523
0.0001241911749,0.0006127746446
0.000124270697,0.0006037759254
0.0001243503477,0.0006139378158
0.0001244170335,0.000634704132
0.0001244583535,0.0006454405583
0.0001244672613,0.0006282011182
0.0001244481413,0.0005924176741
0.0001244072232,0.0005501784179
0.0001243564004,0.0005189677984
0.0001243070993,0.0004968565008
0.0001242614467,0.0004904815914
0.0001242126458,0.0005010081173
0.0001241501379,0.0005067895003
0.000124066506,0.0005102046132
0.0001239592318,0.0005249692106
0.0001238292248,0.0005551347693
0.0001236812286,0.0005922011039
0.0001235183728,0.0006227403148
0.0001233372322,0.000645859878
0.000123131591,0.0006612758539
0.0001228991911,0.0006711812618
0.0001226453707,0.0006808366315
0.000122383134,0.0006875308841
0.0001221264388,0.0006838383352
0.0001218841774,0.0006628593185
0.0001216609704,0.0006293207247
0.002445414795,0.002754111242
0.001641324764,0.002380535834
0.0012168114,0.001996343563
0.001067558959,0.00198389134
0.0009390433233,0.001743185667
0.000812579788,0.001519950019
0.0007372933435,0.001596047244
0.0007209972224,0.001364790843
0.0007258089161,0.00139855032
0.0007315029922,0.001356889043
0.0007394188399,0.00121987765
0.0007483822738,0.001197397211
0.0007508580351,0.001326797871
0.0007475882898,0.001397700598
0.0007390907543,0.001242044076
0.0007265521414,0.001178902247
0.0007125305999,0.001262031413
0.0006988731369,0.001254710175
0.0006833979598,0.00135634041
0.000665047731,0.001201990991
0.0006480288954,0.001066055721
0.0006321172364,0.001216643204
0.000612990116,0.001295766749
0.0005906920426,0.001137482477
0.0005683386972,0.00106616176
0.0005466283259,0.0009837087273
0.0005269424377,0.001037932983
0.0005091840475,0.001045610556
0.0004923416101,0.0009498952055
0.0004768978234,0.0009357970739
0.0004627950513,0.0009716826622
0.0004493210966,0.001119436508
0.0004354611956,0.001126503465
0.0004214076083,0.001065382406
0.0004073890607,0.001137893825
0.0003929022575,0.00116812289
0.0003783703148,0.001160661132
0.0003644611732,0.001108758352
0.0003515006391,0.001029357094
0.0003391031427,0.001028160544
0.0003264434686,0.001078207669
0.0003126885353,0.001039643466
0.0002983364805,0.0009364457639
0.0002849102553,0.000994599545
0.0002727803745,0.001033327516
0.0002619728667,0.0008578140034
0.0002533466459,0.0006218525427
0.0002470401007,0.0006544451498
0.0002418120679,0.0007629909869
0.0002365840587,0.0007905606224
0.0002313524893,0.0007189997665
0.0002267473959,0.0007296035281
0.0002229890187,0.000898480715
0.0002192562239,0.001030734437
0.0002145836529,0.0009800779745
0.0002091575085,0.0008704739363
0.0002034403149,0.0008960926909
0.0001970986507,0.0009792762461
0.0001896680322,0.0009301569548
0.000181517603,0.0008050050746
0.0001734134706,0.0008002576335
0.0001655962596,0.0008856529037
0.0001580000811,0.0009168125445
0.0001506489568,0.0008801671561
0.0001437319462,0.0008306349403
0.0001374455298,0.0008344017591
0.0001317359003,0.0008370990923
0.0001266027987,0.0007796960227
0.0001226257769,0.0007279399111
0.0001205029289,0.0008086891102
0.0001200640349,0.000926555747
0.0001204734675,0.0009644904363
0.0001210880649,0.0009567215451
0.0001216873916,0.0009673312162
0.0001220941849,0.001022942719
0.0001220226966,0.001045896966
0.0001215081891,0.000973574697
0.0001211289237,0.0008805496523
0.0001213640729,0.0009009856044
0.0001220205761,0.000938002072
0.0001227957505,0.0008350775739
0.0001239813789,0.0006752027546
0.0001259710977,0.000675430736
0.0001286212387,0.0007317424094
0.0001315750668,0.0006991026656
0.0001347763462,0.0006337596252
0.0001383494348,0.0006285052663
0.0001423196206,0.0006802196648
0.000146583614,0.0007012871579
0.0001510182201,0.0006806516945
0.000155461196,0.0007027172369
0.0001595816612,0.0008014510788
0.0001629037155,0.0008871624218
0.0001651162115,0.000886949507
0.0001663143539,0.0008452682398
0.0001668517937,0.0008326261783
0.0001670203413,0.0008408205957
0.0001669596695,0.0008067615639
0.0001667485738,0.0007098737253
0.0001664617971,0.0006504915039
0.0001660798598,0.0007048323728
0.0001654476007,0.0007717733654
0.0001644634466,0.0007441678441
0.0001632502688,0.0006701170841
0.0001620335551,0.0006726590063
0.000160914529,0.0007543564731
0.0001598838963,0.0007993464795
0.0001589494636,0.0008091317768
0.0001580864489,0.0008473799962
0.0001571304205,0.0009109911082
0.0001558543245,0.0009491100427
0.0001541310307,0.0009486293359
0.0001519477514,0.0009497047568
0.0001493923587,0.0009660087269
0.0001465566289,0.0009448024306
0.0001435413969,0.0008605410128
0.0001405001201,0.0007634160699
0.0001375081906,0.0007108479893
0.000134537512,0.0006650178211
0.0001315748308,0.0005936541668
0.0001287058187,0.0005451121273
0.0001260271518,0.0005659727305
0.0001235597832,0.0006193148233
0.0001212247258,0.0006481458624
0.0001189455385,0.0006089802558
0.0001167167867,0.0005683338915
0.0001145654857,0.0006062453308
0.0001124539673,0.0006926279768
0.0001102865051,0.0007334221159
0.0001080234486,0.0007430495229
0.0001056612263,0.0007775331659
0.0001031160334,0.000815963199
0.0001002628467,0.0008028130689
9.706518516e-05,0.0007492081298
9.357683922e-05,0.0007089363502
8.986631908e-05,0.0006863916042
8.599849619e-05,0.0006413909824
8.208951237e-05,0.0005743794052
7.832129211e-05,0.0005513374863
7.48607693e-05,0.0005943077201
7.175899276e-05,0.0006417095935
6.898017842e-05,0.000656667037
6.647459242e-05,0.0006837432246
6.416355607e-05,0.0007512574601
6.192730541e-05,0.0008120626256
5.970439645e-05,0.0008281460695
5.758149329e-05,0.0008200854487
5.57279614e-05,0.0008260249232
5.424768753e-05,0.0008584099837
5.312282752e-05,0.0008799836588
5.227743926e-05,0.0008729272534
5.164344062e-05,0.0008583147666
5.114904174e-05,0.0008500182657
5.070365016e-05,0.0008262152378
5.028234366e-05,0.0007602243759
5.00263239e-05,0.0006629863083
5.018308189e-05,0.0005696251387
5.094505619e-05,0.0005095480946
5.23948613e-05,0.0004693227221
5.449344724e-05,0.0004543456946
5.707907793e-05,0.0005035510017
5.986981251e-05,0.0005882164317
6.256415474e-05,0.0006446952055
6.497536903e-05,0.0006541154073
6.70691964e-05,0.0006603487839
6.8881772e-05,0.0006946293248
7.043013373e-05,0.0007240520785
7.172227909e-05,0.0007083746747
7.278780964e-05,0.0006693440993
7.365143462e-05,0.0006607872849
7.428976397e-05,0.0006804596942
7.466591554e-05,0.0006880264809
7.479547786e-05,0.0006661395949
7.475515705e-05,0.0006331569388
7.463212076e-05,0.0006135965953
7.448568342e-05,0.0006004921139
7.435372553e-05,0.0005756057814
7.426424312e-05,0.0005570335817
7.421700402e-05,0.0005683972389
7.421743561e-05,0.0006086243587
7.420825947e-05,0.0006451410629
7.414610835e-05,0.0006864662602
7.400910396e-05,0.0007345805839
7.377258191e-05,0.0007853907706
7.339265655e-05,0.000813223904
7.285587728e-05,0.0008152421063
7.215250099e-05,0.0008048089417
7.126203073e-05,0.0007968696006
7.018682988e-05,0.0007794704352
6.895732737e-05,0.0007438048238
6.763870726e-05,0.0007053798994
6.63072917e-05,0.000685895392
6.5011577e-05,0.0006613459557
6.377015388e-05,0.0006096547955
6.263398592e-05,0.0005511477102
6.160048742e-05,0.0005232053787
6.06594352e-05,0.0005230788917
5.97789749e-05,0.0005166749461
5.894085392e-05,0.0005021271835
5.814983125e-05,0.0005098126031
5.739460748e-05,0.0005611780384
5.663348639e-05,0.0006276018035
5.58065201e-05,0.0006801686535
5.48555407e-05,0.0007136880454
5.372245107e-05,0.0007362464224
5.234821621e-05,0.0007453695723
5.067311809e-05,0.0007350397814
4.867128787e-05,0.0007102965926
4.635994003e-05,0.0006788210626
4.377470247e-05,0.0006483983403
4.096944529e-05,0.000617716305
3.801571582e-05,0.0005820155511
3.49826142e-05,0.0005544398735
3.192576175e-05,0.0005448668581
2.887763669e-05,0.0005450589928
2.587238865e-05,0.0005491064681
2.29920101e-05,0.0005667994438
2.036177e-05,0.0006064662017
1.810107235e-05,0.0006595352406
1.628165262e-05,0.0006999995212
1.494601996e-05,0.000728403088
1.411756581e-05,0.0007580241692
1.374854416e-05,0.0007898942133
1.371073456e-05,0.000810902973
1.390884691e-05,0.0008096816651
1.436368034e-05,0.0007921795456
1.514128135e-05,0.0007700364101
1.626109076e-05,0.0007410365184
1.769210084e-05,0.0006952734069
1.938881555e-05,0.000634516842
2.12993029e-05,0.0005774590461
2.336705528e-05,0.0005309592243
2.555220778e-05,0.0004922898214
2.783839671e-05,0.0004606555433
3.021646354e-05,0.0004506257831
3.265625311e-05,0.0004736282374
3.510073534e-05,0.0005104245644
3.747483201e-05,0.0005486472733
3.970197863e-05,0.0005927335992
4.170815704e-05,0.000643281289
4.342960393e-05,0.000685950794
4.482839312e-05,0.0007086924291
4.590779256e-05,0.0007092625874
4.670474573e-05,0.0006979533617
4.726600821e-05,0.0006833087131
4.763651543e-05,0.0006570350613
4.786025253e-05,0.0006132174161
4.798320918e-05,0.0005620667991
4.804365686e-05,0.0005248629665
4.80643722e-05,0.0005103226004
4.805714195e-05,0.0005071283631
4.803071217e-05,0.0005107577849
4.799792514e-05,0.0005255611316
4.797323362e-05,0.0005540020412
4.796794477e-05,0.0005851929141
4.798548982e-05,0.0006179816053
4.800863694e-05,0.0006471544449
4.802948574e-05,0.0006770569629
4.802522448e-05,0.0007007633087
4.798011655e-05,0.0007227323627
4.789029503e-05,0.0007451195751
4.775497036e-05,0.0007644210793
4.757870763e-05,0.0007644396652
4.737289331e-05,0.0007386823319
4.715997473e-05,0.0006923335572
4.696328866e-05,0.0006378551538
4.680567994e-05,0.0005793723883
4.670769883e-05,0.0005116529768
4.669308477e-05,0.0004471313529
4.678054179e-05,0.0004147820179
4.696815266e-05,0.0004260487822
4.723535517e-05,0.0004626137885
4.752916721e-05,0.0005108589995
4.779087351e-05,0.0005635279604
4.796613569e-05,0.0006154386293
4.800657411e-05,0.0006565423243
4.788131407e-05,0.0006808574655
4.758384208e-05,0.0006909065838
4.711989654e-05,0.0006961400499
4.649668431e-05,0.0007020453469
4.571824275e-05,0.0006986836785
4.478428129e-05,0.0006895091089
4.369076528e-05,0.0006773488584
4.244046086e-05,0.0006584781976
4.105252743e-05,0.0006263495847
3.957027082e-05,0.0005792613317
3.806338587e-05,0.0005242733177
3.661760712e-05,0.0004775395365
3.53117765e-05,0.0004452998884
3.420050848e-05,0.0004304127216
3.331083101e-05,0.0004450720456
3.263791593e-05,0.0004926147572
3.214271495e-05,0.0005601646321
3.177022033e-05,0.0006223353195
3.147656213e-05,0.0006668948543
3.123756833e-05,0.0006957838824
3.104797129e-05,0.0007119770176
3.091710706e-05,0.0007108023503
3.086513822e-05,0.0006939035026
3.091930471e-05,0.0006674212674
3.110699763e-05,0.0006430243668
3.144623393e-05,0.0006246497413
3.194329015e-05,0.0006100906666
3.260019726e-05,0.0005943235918
3.341641333e-05,0.0005717981077
3.438892129e-05,0.0005423017296
3.551109672e-05,0.0005050539052
3.676987341e-05,0.0004639401339
3.814387159e-05,0.0004363228535
3.959577929e-05,0.0004426326569
4.107384007e-05,0.0004746553992
4.251978036e-05,0.0005222819697
4.388044073e-05,0.0005808736273
4.510615464e-05,0.0006419816202
4.615491126e-05,0.0006943748672
4.699628539e-05,0.0007257156335
4.761699277e-05,0.0007329196058
4.801969146e-05,0.0007228749495
4.822012278e-05,0.0007026636818
4.824383157e-05,0.0006735918655
4.812371632e-05,0.0006402640228
4.789740602e-05,0.0006066019133
4.760232608e-05,0.0005844194626
4.727021544e-05,0.0005717253028
4.692534111e-05,0.0005683197554
4.658437231e-05,0.0005625208139
4.625813024e-05,0.0005562331987
4.595472341e-05,0.0005488606268
4.568106309e-05,0.0005443354876
4.544354016e-05,0.0005515779659
4.524524862e-05,0.0005680657257
4.508355435e-05,0.0005929441019
4.494917283e-05,0.00062061157
4.482776721e-05,0.0006483838766
4.470112841e-05,0.000667802325
4.455166671e-05,0.0006752966328
4.436743443e-05,0.0006639759348
4.414803668e-05,0.0006345111806
4.390826865e-05,0.0005944045142
4.367092888e-05,0.0005493847227
4.346104656e-05,0.0005052527557
4.330009683e-05,0.0004664776236
4.32014051e-05,0.0004373158759
4.316729758e-05,0.0004262316628
4.319228882e-05,0.0004307835333
4.326583503e-05,0.0004448417387
4.337126165e-05,0.0004681644777
4.34912284e-05,0.000500933927
4.360683617e-05,0.0005450857395
4.369182831e-05,0.0005908965527
4.372196108e-05,0.0006377059284
4.367811616e-05,0.0006811634026
4.353521674e-05,0.0007160427489
4.325596561e-05,0.000739284677
4.2813694e-05,0.0007488677936
4.220032954e-05,0.0007426048524
4.141960358e-05,0.0007221444035
4.047978263e-05,0.0006907200804
3.939573829e-05,0.0006486613294
3.819472717e-05,0.0006018968426
3.690942827e-05,0.000557889118
3.557227194e-05,0.0005240389185
3.421497438e-05,0.0005028408019
3.286840092e-05,0.0004958616269
3.156307433e-05,0.0004976139741
3.032502126e-05,0.000506259479
2.917550516e-05,0.0005198040076
2.812880862e-05,0.0005399551711
2.719091261e-05,0.0005618669839
2.636147649e-05,0.0005876174027
2.563473342e-05,0.0006131988554
2.500145153e-05,0.0006345073014
2.445301527e-05,0.000646133886
2.398549987e-05,0.0006456196957
2.360096548e-05,0.0006312004186
2.331245885e-05,0.0005985690749
2.314272682e-05,0.0005494637664
2.311436723e-05,0.0004923114018
2.324394592e-05,0.000433212296
2.354297176e-05,0.0003831905381
2.401158696e-05,0.0003516652494
2.463591513e-05,0.0003513222662
2.53918319e-05,0.0003816904282
2.624624306e-05,0.0004246597104
2.715740813e-05,0.0004696444136
2.808175509e-05,0.0005106527986
2.897811326e-05,0.0005504766453
2.980845894e-05,0.0005904102937
3.053948846e-05,0.000629991072
3.114200796e-05,0.0006673114507
3.15934422e-05,0.0006979094075
3.187884451e-05,0.0007197819217
3.199170277e-05,0.0007287160121
3.193282386e-05,0.0007231818257
3.170933764e-05,0.0007023291953
3.133527495e-05,0.0006683940882
3.083247122e-05,0.0006240052296
3.02293882e-05,0.0005753003136
2.95587588e-05,0.0005294787249
2.885357954e-05,0.0004927409582
2.814334188e-05,0.0004755061455
2.744968027e-05,0.0004822356611
2.678621897e-05,0.0005108267248
2.615898585e-05,0.0005468392956
2.556788983e-05,0.0005768780983
2.501057686e-05,0.0005963333878
2.448619632e-05,0.0006046805733
2.398709829e-05,0.0006025821453
2.352864522e-05,0.0005933033698
2.312446241e-05,0.0005827988279
2.27842808e-05,0.0005732287307
2.251843933e-05,0.0005627215016
2.233246736e-05,0.0005487497732
2.223298244e-05,0.0005236960209
2.222335664e-05,0.0004910644087
2.231282119e-05,0.0004493885629
2.250544031e-05,0.0004012109929
2.280898914e-05,0.0003510282263
2.322741166e-05,0.0003116748878
2.375473095e-05,0.0003058124612
2.436991389e-05,0.0003417169334
2.503840453e-05,0.0004094793347
2.571818904e-05,0.0004836971261
2.636409116e-05,0.0005587615997
2.692496635e-05,0.0006248683555
2.735710235e-05,0.0006759899705
2.763084576e-05,0.0007106799191
2.772637197e-05,0.0007279788516
2.76388076e-05,0.0007296399462
2.736778448e-05,0.000718557113
2.691490431e-05,0.0006995210817
2.629081501e-05,0.0006749886535
2.551096623e-05,0.0006472066407
2.458808658e-05,0.000617270792
2.353912546e-05,0.0005827997314
2.239439479e-05,0.000543537254
2.119529803e-05,0.0005039958884
1.998980694e-05,0.0004660720774
1.883091619e-05,0.0004366683574
1.777250735e-05,0.0004230747167
1.685946998e-05,0.0004349116014
1.612149926e-05,0.0004773213791
1.557107091e-05,0.0005363608303
1.519611745e-05,0.0005929574588
1.49237141e-05,0.0006384069997
1.47081871e-05,0.0006645274416
1.453029815e-05,0.0006722423599
1.4384092e-05,0.0006678338564
1.428107916e-05,0.0006461417378
1.424472945e-05,0.0006027763998
1.430843783e-05,0.0005516775287
1.450609842e-05,0.0005066405235
1.486183677e-05,0.0004659387418
1.537185828e-05,0.0004225597647
1.601849239e-05,0.0003834301157
1.678719693e-05,0.0003645620759
1.765162965e-05,0.0003521355661
1.858324493e-05,0.0003442678236
1.956189132e-05,0.0003537758866
2.057125911e-05,0.0003891166869
2.158315838e-05,0.0004433550679
2.255958124e-05,0.0005096737013
2.345960082e-05,0.0005756231891
2.423980399e-05,0.0006320360733
2.486212081e-05,0.0006710528362
2.530818524e-05,0.0006931684699
2.557305052e-05,0.0006984207869
2.56612598e-05,0.0006902318435
2.559026097e-05,0.0006667201077
2.538247879e-05,0.000627636726
2.505653546e-05,0.0005856659475
2.462894578e-05,0.0005448574719
2.411664435e-05,0.0005028426141
2.353596115e-05,0.000463192914
2.29061615e-05,0.0004341796097
2.225410114e-05,0.0004204987112
2.160801745e-05,0.0004231608751
2.099135792e-05,0.0004397059642
2.042401581e-05,0.0004632717487
1.992090285e-05,0.0004937784609
1.948504301e-05,0.0005316383059
1.910804802e-05,0.0005712321938
1.877788406e-05,0.0006034075244
1.848323704e-05,0.0006251309418
1.821965776e-05,0.0006308719106
1.799437844e-05,0.0006190654299
1.782152032e-05,0.0005938961184
1.77165044e-05,0.0005526873346
1.769638966e-05,0.0004984980552
1.777687636e-05,0.0004396901742
1.796562349e-05,0.0003885723748
1.826095251e-05,0.0003533114787
1.865337898e-05,0.0003395124621
1.912641234e-05,0.0003452339138
1.965631639e-05,0.0003663666329
2.021830539e-05,0.0003964077884
2.079423656e-05,0.0004272629657
2.136466168e-05,0.0004626389199
2.191463959e-05,0.0005001270543
2.242589066e-05,0.00054028164
2.287761164e-05,0.0005794969711
2.324859499e-05,0.0006177950863
2.352200399e-05,0.0006472917287
2.368619685e-05,0.0006674040944
2.373615464e-05,0.0006719060582
2.367556021e-05,0.0006591259214
2.351570011e-05,0.0006339214693
2.327022987e-05,0.0005972944802
2.295670886e-05,0.0005510484787
2.259812852e-05,0.0005016967887
2.22186992e-05,0.0004568143148
2.184038811e-05,0.0004299574709
2.148126015e-05,0.0004236564263
2.115436853e-05,0.0004307359586
2.086595564e-05,0.0004478502101
2.061959739e-05,0.0004709739484
2.041798856e-05,0.0004983911144
2.026114451e-05,0.0005215927041
2.014869399e-05,0.0005391090825
2.008167408e-05,0.0005533343864
2.006020477e-05,0.0005674077948
2.008160691e-05,0.0005809374195
2.014345991e-05,0.0005889730767
2.024630737e-05,0.0005850387225
2.039326515e-05,0.000567168783
2.059080133e-05,0.0005335136915
2.084869676e-05,0.0004841975115
2.117669867e-05,0.0004222675428
2.15822827e-05,0.0003509653551
2.206968181e-05,0.0002838948889
2.263375943e-05,0.0002521665844
2.325734679e-05,0.0002725748334
2.391488487e-05,0.000326105025
2.457744922e-05,0.0003872272251
2.521705061e-05,0.0004461874438
2.581008496e-05,0.0005003610752
2.633770407e-05,0.0005462139196
2.678511899e-05,0.0005802145207
2.714090497e-05,0.0006030841064
2.73966711e-05,0.0006184648263
2.754705032e-05,0.0006304652545
2.758848592e-05,0.0006397479967
2.752026238e-05,0.0006420134098
2.734564619e-05,0.0006344017435
2.707250859e-05,0.0006155202137
2.671380373e-05,0.0005844617204
3.716062935e-05,3.510723343e-05
2.912976066e-05,2.782624194e-05
2.664185789e-05,2.732199077e-05
2.48823287e-05,2.380290382e-05
2.382079664e-05,2.271702175e-05
2.308620326e-05,2.409001853e-05
2.242051385e-05,2.335901628e-05
2.177468901e-05,2.427318588e-05
2.115175656e-05,2.167851737e-05
2.062213992e-05,2.293336271e-05
2.013570261e-05,2.328225316e-05
1.96575776e-05,2.273463159e-05
1.919226798e-05,2.23620928e-05
1.87667521e-05,2.143432055e-05
1.838795199e-05,2.164701281e-05
1.804132154e-05,2.189817589e-05
1.770830992e-05,2.210891589e-05
1.73838387e-05,2.128558927e-05
1.708162324e-05,2.026217652e-05
1.680717698e-05,2.068554836e-05
1.655451437e-05,2.154849769e-05
1.630967826e-05,2.204152294e-05
1.606506698e-05,2.200276354e-05
1.582166679e-05,2.171427234e-05
1.558153406e-05,2.051911267e-05
1.534994251e-05,2.006900738e-05
1.5128732e-05,2.034927105e-05
1.491626396e-05,1.90393645e-05
1.471976329e-05,1.733980904e-05
1.454779092e-05,1.636906262e-05
1.440270443e-05,1.558690786e-05
1.42825066e-05,1.569673461e-05
1.418264563e-05,1.574222368e-05
1.410060945e-05,1.534230469e-05
1.40358177e-05,1.514832719e-05
1.398708596e-05,1.562665594e-05
1.39508708e-05,1.605106387e-05
1.392443897e-05,1.573639851e-05
1.390697428e-05,1.617944641e-05
1.389491299e-05,1.781057728e-05
1.388108079e-05,2.013274999e-05
1.385708573e-05,2.150181674e-05
1.381829384e-05,2.141091049e-05
1.376560272e-05,2.133547018e-05
1.370072293e-05,2.230478226e-05
1.362293296e-05,2.346491901e-05
1.353017026e-05,2.389119658e-05
1.342207412e-05,2.360128911e-05
1.330011578e-05,2.356322224e-05
1.316503693e-05,2.363478641e-05
1.301744082e-05,2.344551679e-05
1.2858512e-05,2.340483968e-05
1.268879049e-05,2.379555051e-05
1.250782278e-05,2.420546431e-05
1.231507465e-05,2.429396263e-05
1.21110181e-05,2.394841241e-05
1.18971613e-05,2.350191514e-05
1.167489992e-05,2.328389691e-05
1.144506503e-05,2.315952408e-05
1.120835774e-05,2.292529713e-05
1.096558216e-05,2.313070451e-05
1.071702361e-05,2.322684518e-05
1.046297284e-05,2.272516814e-05
1.020481206e-05,2.16132634e-05
9.944974407e-06,2.037298067e-05
9.686010567e-06,1.942570754e-05
9.429487866e-06,1.897866686e-05
9.176519766e-06,1.789938018e-05
8.929185093e-06,1.63029062e-05
8.689892783e-06,1.538563226e-05
8.459571201e-06,1.566061472e-05
8.237510139e-06,1.647705436e-05
8.023114802e-06,1.636578282e-05
7.817262089e-06,1.567649078e-05
7.621312291e-06,1.547802063e-05
7.435532435e-06,1.593498847e-05
7.258936436e-06,1.661543067e-05
7.090169561e-06,1.737364444e-05
6.928019629e-06,1.828038264e-05
6.771031331e-06,1.938391762e-05
6.617312322e-06,2.038303828e-05
6.465117511e-06,2.077084547e-05
6.313672759e-06,2.054998161e-05
6.162896318e-06,2.05885439e-05
6.012283295e-06,2.116277264e-05
5.860584884e-06,2.151418284e-05
5.706793098e-06,2.117704836e-05
5.551219255e-06,2.032018385e-05
5.395027144e-06,1.994404856e-05
5.238601619e-06,2.038188235e-05
5.080958634e-06,2.095355638e-05
4.920463448e-06,2.126189535e-05
4.755789812e-06,2.105579051e-05
4.586632279e-06,2.056709555e-05
4.413618103e-06,2.006634748e-05
4.237532173e-06,1.987903688e-05
4.058702996e-06,1.988548517e-05
3.877064509e-06,1.963633886e-05
3.692604937e-06,1.917711104e-05
3.505543648e-06,1.871652924e-05
3.316077005e-06,1.814404298e-05
3.12453562e-06,1.720453932e-05
2.932366522e-06,1.571371908e-05
2.742581478e-06,1.42888014e-05
2.558766473e-06,1.329726422e-05
2.384135969e-06,1.242618137e-05
2.222032062e-06,1.11264339e-05
2.076960341e-06,9.515006508e-06
1.954194186e-06,8.662514076e-06
1.857627553e-06,9.093929199e-06
1.788511418e-06,9.665656781e-06
1.746944507e-06,9.428529017e-06
1.733489178e-06,9.000462076e-06
1.747681352e-06,9.774663743e-06
1.785668696e-06,1.157905172e-05
1.840941244e-06,1.312739265e-05
1.907294868e-06,1.417975168e-05
1.980165891e-06,1.493674238e-05
2.056011976e-06,1.595678543e-05
2.13161418e-06,1.700195977e-05
2.204308286e-06,1.7704481e-05
2.272462093e-06,1.804189445e-05
2.335347107e-06,1.817241362e-05
2.392630325e-06,1.824756719e-05
2.444210851e-06,1.823177617e-05
2.490394616e-06,1.800291135e-05
2.531794548e-06,1.781692951e-05
2.568812252e-06,1.807216989e-05
2.601128586e-06,1.876304868e-05
2.627720102e-06,1.946256487e-05
2.647550266e-06,1.976455818e-05
2.660327426e-06,1.961564511e-05
2.666591121e-06,1.925823864e-05
2.667207801e-06,1.899261555e-05
2.66280193e-06,1.895677864e-05
2.653548564e-06,1.908619807e-05
2.639422945e-06,1.915359538e-05
2.620691654e-06,1.891604764e-05
2.59818973e-06,1.834788954e-05
2.573143044e-06,1.765673786e-05
2.546886964e-06,1.685100455e-05
2.520853881e-06,1.602371341e-05
2.496646757e-06,1.511170546e-05
2.47586756e-06,1.427625904e-05
2.459792385e-06,1.356749275e-05
2.449263348e-06,1.296644573e-05
2.444852662e-06,1.247778688e-05
2.446909831e-06,1.25567388e-05
2.455307644e-06,1.334483444e-05
2.469293509e-06,1.422454461e-05
2.487842606e-06,1.481308199e-05
2.510081559e-06,1.522890439e-05
2.53523107e-06,1.588975952e-05
2.562306393e-06,1.683836366e-05
2.5900737e-06,1.785606538e-05
2.617392136e-06,1.864939713e-05
2.643518835e-06,1.925453305e-05
2.668009738e-06,1.992647997e-05
2.690432949e-06,2.058412189e-05
2.710316473e-06,2.101076477e-05
2.727335458e-06,2.11616584e-05
2.741451063e-06,2.10655748e-05
2.752870516e-06,2.083670679e-05
2.761891815e-06,2.06479645e-05
2.768698889e-06,2.071473059e-05
2.773178847e-06,2.098700357e-05
2.774878006e-06,2.153703066e-05
2.773136277e-06,2.213377287e-05
2.76731079e-06,2.260107253e-05
2.756959559e-06,2.283062251e-05
2.741920282e-06,2.283402181e-05
2.722286857e-06,2.268001592e-05
2.698295058e-06,2.250047761e-05
2.670160604e-06,2.232450044e-05
2.638032534e-06,2.210538456e-05
2.60215635e-06,2.166635808e-05
2.5630995e-06,2.100370858e-05
2.521790815e-06,2.028920427e-05
2.47930337e-06,1.967166473e-05
2.436599149e-06,1.909146509e-05
2.394479369e-06,1.83719131e-05
2.353736713e-06,1.745981879e-05
2.315227931e-06,1.64537026e-05
2.279708223e-06,1.574500138e-05
2.247611561e-06,1.540949339e-05
2.219005259e-06,1.539589308e-05
2.193689455e-06,1.570439717e-05
2.171276819e-06,1.631083665e-05
2.151222236e-06,1.702345203e-05
2.132912404e-06,1.763578372e-05
2.115799901e-06,1.797471845e-05
2.099481244e-06,1.814851003e-05
2.083631219e-06,1.831790576e-05
2.067907347e-06,1.846512084e-05
2.051967438e-06,1.851724981e-05
2.035573138e-06,1.844670929e-05
2.018618181e-06,1.833912328e-05
2.001016008e-06,1.821292346e-05
1.982668732e-06,1.80692775e-05
1.963538739e-06,1.778451206e-05
1.943734206e-06,1.735109928e-05
1.923462643e-06,1.699385186e-05
1.902829821e-06,1.697116952e-05
1.881632353e-06,1.741103754e-05
1.859309633e-06,1.799248055e-05
1.835103415e-06,1.847040519e-05
1.808323268e-06,1.870246287e-05
1.778533045e-06,1.872229776e-05
1.745547827e-06,1.862450556e-05
1.709318932e-06,1.846344531e-05
1.669866971e-06,1.819495458e-05
1.627299678e-06,1.779893366e-05
1.581823779e-06,1.736680458e-05
1.533721303e-06,1.687834294e-05
1.483375233e-06,1.629382963e-05
1.431361658e-06,1.554756504e-05
1.3784685e-06,1.483622402e-05
1.325553235e-06,1.430922676e-05
1.273377486e-06,1.39398541e-05
1.222649549e-06,1.348438661e-05
1.174218821e-06,1.286093172e-05
1.129151739e-06,1.224120009e-05
1.088504463e-06,1.202536012e-05
1.052987367e-06,1.23249397e-05
1.022853783e-06,1.287180796e-05
9.980711427e-07,1.334949782e-05
